0.35792349726775957,0.32983796296296297,40.803382873535156,-73.95231628417969,40.8259162902832,-73.93736267089844,6.0,6.0,2803.8687022083436,1.0,1.0,1.0,56.0,0.0,0.0,4.8,1439.9454545454546
0.35792349726775957,0.5710069444444444,40.65930938720703,-73.9605941772461,40.67279052734375,-73.94196319580078,0.0,3.0,2171.7313726946727,1.0,0.0,1.0,56.0,0.0,0.0,4.8,508.3333333333333
0.35792349726775957,0.3561574074074074,40.76820373535156,-73.92925262451172,40.7545280456543,-73.9420394897461,6.0,4.0,1863.3963272810902,1.0,1.0,1.0,56.0,0.0,0.0,4.8,1819.1950464396284
0.35792349726775957,0.788449074074074,40.70255661010742,-73.98979949951172,40.714786529541016,-73.95196533203125,0.0,4.0,3466.8806425156445,1.0,1.0,1.0,56.0,0.0,0.0,4.8,901.0
0.35792349726775957,0.7380787037037037,40.80380630493164,-73.96377563476562,40.785003662109375,-73.96963500976562,6.0,6.0,2148.1539164627998,1.0,1.0,1.0,56.0,0.0,0.0,4.8,1655.96
0.35792349726775957,0.6228125,40.75952911376953,-73.83037567138672,40.75791549682617,-73.8209457397461,2.0,2.0,814.2631407971267,1.0,0.0,1.0,56.0,0.0,0.0,4.8,1005.1428571428571
0.23770491803278687,0.4613425925925926,40.80088806152344,-73.95411682128906,40.809444427490234,-73.9493408203125,6.0,6.0,1032.8599005905853,0.0,0.0,1.0,49.0,0.0,0.0,5.5,1655.96
0.23770491803278687,0.6389814814814815,40.759498596191406,-73.83057403564453,40.6436882019043,-73.78365325927734,2.0,2.0,13471.284907688872,0.0,0.0,1.0,49.0,0.0,0.0,5.5,604.9722222222222
0.23770491803278687,0.5564351851851852,40.74919128417969,-73.86980438232422,40.76201629638672,-73.82036590576172,8.0,2.0,4401.6354314589635,0.0,0.0,1.0,49.0,0.0,0.0,5.5,1416.1724137931035
0.23770491803278687,0.8580787037037036,40.84130096435547,-73.94252014160156,40.767215728759766,-73.95349884033203,6.0,4.0,8289.566638963219,0.0,0.0,1.0,49.0,0.0,0.0,5.5,1099.972972972973
0.23770491803278687,0.9175347222222222,40.71356201171875,-73.96549224853516,40.714385986328125,-73.94662475585938,4.0,3.0,1592.8462305968644,0.0,0.0,1.0,49.0,0.0,0.0,5.5,1316.25
0.23770491803278687,0.6038657407407407,40.81046676635742,-73.95087432861328,40.820701599121094,-73.94283294677734,6.0,6.0,1324.0577851637756,0.0,0.0,1.0,49.0,0.0,0.0,5.5,1655.96
0.23770491803278687,0.06515046296296297,40.72085952758789,-73.95515441894531,40.6701774597168,-73.95671081542969,4.0,3.0,5637.115965510738,0.0,0.0,1.0,49.0,0.0,0.0,5.5,862.566265060241
0.23770491803278687,0.8976620370370371,40.700191497802734,-73.80757904052734,40.693397521972656,-73.85103607177734,2.0,2.0,3740.712128864699,0.0,0.0,1.0,49.0,0.0,0.0,5.5,592.928
0.4098360655737705,0.8757407407407407,40.700294494628906,-73.80744934082031,40.75400161743164,-73.8570785522461,2.0,8.0,7290.679739892513,0.0,0.0,1.0,78.0,0.0,0.0,4.8,649.2368421052631
0.4098360655737705,0.9120023148148149,40.80512237548828,-73.94734191894531,40.781585693359375,-73.95443725585938,6.0,6.0,2684.4543300924056,0.0,0.0,2.0,78.0,0.0,0.0,4.8,1407.4660633484164
0.4098360655737705,0.6679282407407408,40.745845794677734,-73.90331268310547,40.731529235839844,-73.90135955810547,8.0,8.0,1600.4109045004159,0.0,0.0,1.0,78.0,0.0,0.0,4.8,2665.0
0.4098360655737705,0.04929398148148148,40.71406936645508,-73.94947052001953,40.715145111083984,-73.9599838256836,3.0,4.0,894.1220055081034,0.0,0.0,1.0,78.0,0.0,0.0,4.8,2915.0
0.4098360655737705,0.6179745370370371,40.6933708190918,-73.97594451904297,40.738502502441406,-73.98728942871094,0.0,4.0,5108.68984140596,0.0,0.0,1.0,78.0,0.0,0.0,4.8,901.0
0.4098360655737705,0.9036458333333334,40.71272277832031,-73.89997100830078,40.70766067504883,-73.90400695800781,8.0,3.0,657.6909853799905,0.0,0.0,1.0,78.0,0.0,0.0,4.8,1885.0
0.4098360655737705,0.6986226851851852,40.745140075683594,-73.9533920288086,40.75436019897461,-73.9358139038086,4.0,4.0,1801.0251989835822,0.0,0.0,1.0,78.0,0.0,0.0,4.8,1083.8434782608695
0.01912568306010929,0.7391898148148148,40.680877685546875,-73.99665069580078,40.654258728027344,-73.97427368164062,0.0,0.0,3510.40276131051,1.0,1.0,3.0,38.0,0.0,0.0,2.4,969.0
0.01912568306010929,0.43725694444444446,40.81355667114258,-73.91022491455078,40.818580627441406,-73.927001953125,5.0,6.0,1518.3522728099042,1.0,0.0,1.0,38.0,0.0,0.0,2.4,1135.3505154639174
0.01912568306010929,0.5436342592592592,40.68540573120117,-73.9913558959961,40.70496368408203,-74.01544189453125,0.0,0.0,2975.383287160367,1.0,0.0,1.0,38.0,0.0,0.0,2.4,869.75
0.01912568306010929,0.7241898148148148,40.812347412109375,-73.94205474853516,40.80458068847656,-73.93775939941406,6.0,6.0,936.2317609444952,1.0,1.0,1.0,38.0,0.0,0.0,2.4,1655.96
0.01912568306010929,0.7363773148148148,40.734134674072266,-73.87113189697266,40.76438522338867,-73.88982391357422,8.0,8.0,3714.006374337412,1.0,1.0,1.0,38.0,0.0,0.0,2.4,1416.1724137931035
0.01912568306010929,0.47315972222222225,40.58560562133789,-73.9660873413086,40.58141326904297,-73.95553588867188,0.0,0.0,1005.6242950685465,1.0,0.0,1.0,38.0,0.0,0.0,2.4,225.54330708661416
0.47540983606557374,0.7516319444444445,40.841102600097656,-73.94001007080078,40.81985092163086,-73.90935516357422,5.0,5.0,3498.0300450944023,1.0,1.0,1.0,77.0,0.0,0.0,4.1,1627.4375
0.47540983606557374,0.8435648148148148,40.68941116333008,-73.9924545288086,40.68984603881836,-73.9786376953125,0.0,0.0,1165.9531256810697,1.0,0.0,1.0,77.0,0.0,0.0,4.1,225.54330708661416
0.47540983606557374,0.5978935185185185,40.8070182800293,-73.9418716430664,40.80387878417969,-73.93827056884766,6.0,6.0,462.31241505851773,1.0,0.0,1.0,77.0,0.0,0.0,4.1,1655.96
0.47540983606557374,0.951400462962963,40.720115661621094,-73.95529174804688,40.77878189086914,-73.97594451904297,4.0,6.0,6751.392666481163,1.0,0.0,1.0,77.0,0.0,0.0,4.1,970.8459770114943
0.47540983606557374,0.47100694444444446,40.85002136230469,-73.93596649169922,40.827266693115234,-73.95001983642578,5.0,6.0,2792.7793091398535,1.0,0.0,5.0,77.0,0.0,0.0,4.1,1294.74
0.47540983606557374,0.9009490740740741,40.795433044433594,-73.93292999267578,40.79043197631836,-73.95014190673828,6.0,6.0,1551.9974710997406,1.0,0.0,1.0,77.0,0.0,0.0,4.1,1407.4660633484164
0.47540983606557374,0.11738425925925926,40.698158264160156,-73.92491912841797,40.69292449951172,-73.95116424560547,3.0,3.0,2287.884738468892,1.0,0.0,1.0,77.0,0.0,0.0,4.1,855.2125
0.47540983606557374,0.4961574074074074,40.77416229248047,-73.9084701538086,40.765438079833984,-73.9231948852539,8.0,8.0,1574.3822743956077,1.0,0.0,1.0,77.0,0.0,0.0,4.1,3509.0
0.47540983606557374,0.4423611111111111,40.77545166015625,-73.91171264648438,40.74998474121094,-73.97441864013672,8.0,4.0,5992.485843071307,1.0,0.0,1.0,77.0,0.0,0.0,4.1,1725.7826086956522
0.13934426229508196,0.020891203703703703,40.747154235839844,-73.88802337646484,40.75703811645508,-73.87110900878906,8.0,8.0,1799.4090816448954,0.0,0.0,1.0,50.0,0.0,0.0,7.4,3294.0
0.13934426229508196,0.6399421296296296,40.82218933105469,-73.9537582397461,40.801841735839844,-73.9649429321289,6.0,6.0,2450.542038892495,0.0,0.0,2.0,50.0,0.0,0.0,7.4,1655.96
0.13934426229508196,0.8600231481481482,40.72138214111328,-73.8444595336914,40.72960662841797,-73.81974792480469,2.0,2.0,2274.373108394659,0.0,0.0,1.0,50.0,0.0,0.0,7.4,592.928
0.13934426229508196,0.6286226851851852,40.72133255004883,-73.84431457519531,40.74074172973633,-73.86865997314453,2.0,8.0,2977.5805395986326,0.0,0.0,4.0,50.0,0.0,0.0,7.4,770.244769874477
0.13934426229508196,0.1722337962962963,40.723690032958984,-73.95076751708984,40.69099807739258,-73.94194030761719,4.0,3.0,3710.5460960518003,0.0,0.0,1.0,50.0,0.0,0.0,7.4,862.566265060241
0.4207650273224044,0.32788194444444446,40.747291564941406,-73.95639038085938,40.75492858886719,-73.98036193847656,4.0,4.0,2190.5659519322535,1.0,1.0,1.0,70.0,0.0,0.0,4.7,1454.2307692307693
0.4207650273224044,0.44972222222222225,40.68720626831055,-73.9697265625,40.69106674194336,-73.94761657714844,0.0,3.0,1912.9758364682589,1.0,0.0,1.0,70.0,0.0,0.0,4.7,712.0
0.4207650273224044,0.851087962962963,40.693458557128906,-73.97942352294922,40.68967056274414,-73.97418212890625,0.0,0.0,610.4899152521178,1.0,0.0,1.0,70.0,0.0,0.0,4.7,225.54330708661416
0.4207650273224044,0.48694444444444446,40.7213134765625,-73.84425354003906,40.70536422729492,-73.79513549804688,2.0,2.0,4503.733888817726,1.0,0.0,1.0,70.0,0.0,0.0,4.7,604.9722222222222
0.4207650273224044,0.19909722222222223,40.81498718261719,-73.94776153564453,40.810340881347656,-73.95155334472656,6.0,6.0,607.2511323649522,1.0,0.0,1.0,70.0,0.0,0.0,4.7,793.625
0.4207650273224044,0.8553240740740741,40.679359436035156,-73.9291000366211,40.648921966552734,-73.96983337402344,3.0,0.0,4822.737273501241,1.0,0.0,1.0,70.0,0.0,0.0,4.7,970.8459770114943
0.4207650273224044,0.8085763888888889,40.74701690673828,-73.88985443115234,40.741920471191406,-73.94995880126953,8.0,4.0,5095.0692200795065,1.0,1.0,1.0,70.0,0.0,0.0,4.7,2145.5263157894738
0.4207650273224044,0.9205092592592593,40.71049880981445,-73.96682739257812,40.688899993896484,-73.97590637207031,4.0,0.0,2520.684122754266,1.0,0.0,1.0,70.0,0.0,0.0,4.7,970.8459770114943
0.4207650273224044,0.7395138888888889,40.805442810058594,-73.93893432617188,40.78178787231445,-73.95603942871094,6.0,6.0,2998.660191219932,1.0,1.0,1.0,70.0,0.0,0.0,4.7,1655.96
0.4207650273224044,0.6040856481481481,40.8039665222168,-73.96630096435547,40.82901382446289,-73.93995666503906,6.0,6.0,3559.7543893970505,1.0,0.0,1.0,70.0,0.0,0.0,4.7,1655.96
0.06284153005464481,0.04226851851851852,40.75495147705078,-73.92221069335938,40.75941467285156,-73.8946304321289,8.0,8.0,2375.45871918756,0.0,0.0,1.0,26.0,2.31,27.3,15.7,3294.0
0.06284153005464481,0.018587962962962962,40.69157791137695,-73.9913330078125,40.676998138427734,-74.01392364501953,0.0,0.0,2501.3502773958244,0.0,0.0,1.0,26.0,2.31,27.3,15.7,1404.25
0.06284153005464481,0.004143518518518519,40.68388366699219,-73.97611999511719,40.696598052978516,-73.97456359863281,0.0,0.0,1419.8521862384846,0.0,0.0,1.0,26.0,2.31,27.3,15.7,508.3333333333333
0.00273224043715847,0.5937152777777778,40.81288528442383,-73.94187927246094,40.78150177001953,-73.9583511352539,6.0,6.0,3755.059420467718,1.0,0.0,1.0,38.0,0.0,0.0,7.6,1655.96
0.00273224043715847,0.493587962962963,40.8791389465332,-73.904541015625,40.81572341918945,-73.89495849609375,5.0,5.0,7097.4013705348425,1.0,0.0,1.0,38.0,0.0,0.0,7.6,1135.3505154639174
0.00273224043715847,0.04988425925925926,40.8154411315918,-73.95814514160156,40.810726165771484,-73.95250701904297,6.0,6.0,707.1141381238107,1.0,0.0,1.0,38.0,0.0,0.0,7.6,793.625
0.00273224043715847,0.6028125,40.80528259277344,-73.93910217285156,40.79973602294922,-73.96833038330078,6.0,6.0,2536.2928159855305,1.0,0.0,1.0,38.0,0.0,0.0,7.6,1655.96
0.00273224043715847,0.9821643518518518,40.765357971191406,-73.91380310058594,40.74595642089844,-73.90324401855469,8.0,8.0,2333.4946510311056,1.0,0.0,1.0,38.0,0.0,0.0,7.6,2665.0
0.00273224043715847,0.12601851851851853,40.80759811401367,-73.9449691772461,40.8017463684082,-73.934326171875,6.0,6.0,1107.1812484248371,1.0,0.0,1.0,38.0,0.0,0.0,7.6,793.625
0.39344262295081966,0.694837962962963,40.841529846191406,-73.93932342529297,40.85850143432617,-73.904296875,5.0,5.0,3498.6956716508666,1.0,1.0,1.0,67.0,0.02,0.0,2.5,1135.3505154639174
0.39344262295081966,0.8993055555555556,40.74528121948242,-73.9037857055664,40.75248336791992,-73.89646911621094,8.0,8.0,1010.5564555045615,1.0,0.0,5.0,67.0,0.02,0.0,2.5,2665.0
0.30327868852459017,0.7362037037037037,40.76114273071289,-73.91675567626953,40.75876235961914,-73.8954086303711,8.0,8.0,1817.3284764451319,1.0,1.0,1.0,59.0,0.0,0.0,6.1,2665.0
0.30327868852459017,0.7016782407407407,40.68732452392578,-73.99354553222656,40.67423629760742,-73.9887924194336,0.0,0.0,1509.5273721070907,1.0,1.0,1.0,59.0,0.0,0.0,6.1,508.3333333333333
0.30327868852459017,0.9222569444444444,40.842201232910156,-73.92266082763672,40.846256256103516,-73.92237854003906,5.0,5.0,451.52282123206453,1.0,0.0,1.0,59.0,0.0,0.0,6.1,2675.0
0.30327868852459017,0.5933796296296296,40.6921272277832,-73.9518814086914,40.672691345214844,-73.95304870605469,3.0,3.0,2163.411847322912,1.0,0.0,1.0,59.0,0.0,0.0,6.1,1346.842105263158
0.30327868852459017,0.9672569444444444,40.77445602416992,-73.912841796875,40.76186752319336,-73.9150619506836,8.0,8.0,1412.2089907520053,1.0,0.0,1.0,59.0,0.0,0.0,6.1,2665.0
0.30327868852459017,0.6285532407407407,40.7200927734375,-73.80878448486328,40.7440071105957,-73.89598846435547,2.0,8.0,7814.186056949483,1.0,0.0,2.0,59.0,0.0,0.0,6.1,770.244769874477
0.21311475409836064,0.418125,40.71367645263672,-73.83020782470703,40.756038665771484,-73.7065200805664,2.0,2.0,11436.614163318627,1.0,0.0,1.0,50.0,0.0,0.0,8.7,604.9722222222222
0.21311475409836064,0.42278935185185185,40.69247055053711,-73.99097442626953,40.6883659362793,-73.9974136352539,0.0,0.0,709.2680031685858,1.0,0.0,1.0,50.0,0.0,0.0,8.7,225.54330708661416
0.21311475409836064,0.3042361111111111,40.86741638183594,-73.92211151123047,40.79408645629883,-73.9723129272461,5.0,6.0,9182.91499599169,1.0,1.0,1.0,50.0,0.0,0.0,8.7,1555.0
0.21311475409836064,0.46796296296296297,40.72138214111328,-73.84434509277344,40.734336853027344,-73.87205505371094,2.0,8.0,2743.578108608068,1.0,0.0,1.0,50.0,0.0,0.0,8.7,770.244769874477
0.21311475409836064,0.6826157407407407,40.79657745361328,-73.94731140136719,40.80243682861328,-73.95470428466797,6.0,6.0,900.9682804223953,1.0,1.0,1.0,50.0,0.0,0.0,8.7,1655.96
0.21311475409836064,0.4840740740740741,40.79164505004883,-73.953125,40.776336669921875,-73.95388793945312,6.0,6.0,1703.4257655947797,1.0,0.0,2.0,50.0,0.0,0.0,8.7,1655.96
0.21311475409836064,0.15766203703703704,40.68571472167969,-73.99112701416016,40.66506576538086,-73.98986053466797,0.0,0.0,2298.541910130408,1.0,0.0,1.0,50.0,0.0,0.0,8.7,1404.25
0.2896174863387978,0.5660185185185185,40.82183837890625,-73.95397186279297,40.81096267700195,-73.95309448242188,6.0,6.0,1211.5747303920502,1.0,0.0,1.0,54.0,0.0,0.0,3.7,1655.96
0.2896174863387978,0.8235069444444445,40.68954849243164,-73.92207336425781,40.69773483276367,-73.90069580078125,3.0,3.0,2019.1457416484557,1.0,1.0,1.0,54.0,0.0,0.0,3.7,1148.921052631579
0.2896174863387978,0.5834490740740741,40.85706329345703,-73.88133239746094,40.84663391113281,-73.84991455078125,5.0,5.0,2885.7743496996127,1.0,0.0,5.0,54.0,0.0,0.0,3.7,1135.3505154639174
0.2896174863387978,0.938125,40.82721710205078,-73.92494201660156,40.754173278808594,-73.96592712402344,5.0,4.0,8824.598950071966,1.0,0.0,4.0,54.0,0.0,0.0,3.7,1230.6137566137565
0.2896174863387978,0.6519097222222222,40.70248031616211,-73.98684692382812,40.71767044067383,-74.00016784667969,0.0,4.0,2028.2022128181686,1.0,0.0,2.0,54.0,0.0,0.0,3.7,508.3333333333333
0.2896174863387978,0.9317592592592593,40.747352600097656,-73.88566589355469,40.76360321044922,-73.8794174194336,8.0,8.0,1882.0734174304941,1.0,0.0,1.0,54.0,0.0,0.0,3.7,2665.0
0.34972677595628415,0.5655787037037037,40.8033447265625,-73.96355438232422,40.83477783203125,-73.94056701660156,6.0,6.0,3994.7806873053582,0.0,0.0,1.0,54.0,0.0,0.0,4.4,1655.96
0.34972677595628415,0.8255208333333334,40.71588897705078,-73.96443176269531,40.70447540283203,-73.98638916015625,4.0,0.0,2244.089211331773,0.0,0.0,1.0,54.0,0.0,0.0,4.4,970.8459770114943
0.34972677595628415,0.7022800925925926,40.747005462646484,-73.89096069335938,40.73470687866211,-73.86955261230469,8.0,8.0,2263.4421145626357,0.0,0.0,3.0,54.0,0.0,0.0,4.4,2665.0
0.34972677595628415,0.014305555555555556,40.7105598449707,-73.965576171875,40.69355392456055,-73.96894836425781,4.0,0.0,1912.2197640619058,0.0,0.0,2.0,54.0,0.0,0.0,4.4,1022.3559322033898
0.34972677595628415,0.43819444444444444,40.68721389770508,-73.97428131103516,40.69319152832031,-73.9668197631836,0.0,0.0,915.1923139936144,0.0,0.0,1.0,54.0,0.0,0.0,4.4,225.54330708661416
0.3087431693989071,0.2763657407407407,40.69535446166992,-73.99571990966797,40.75615692138672,-73.96221923828125,0.0,4.0,7326.639069259828,1.0,1.0,1.0,70.0,0.0,0.0,4.2,869.75
0.3087431693989071,0.6151967592592592,40.827842712402344,-73.92375183105469,40.82230758666992,-73.92799377441406,5.0,6.0,711.4840431836136,1.0,0.0,1.0,70.0,0.0,0.0,4.2,1135.3505154639174
0.3087431693989071,0.5916782407407407,40.76593017578125,-73.91924285888672,40.765567779541016,-73.83106994628906,8.0,8.0,7425.804568999435,1.0,0.0,1.0,70.0,0.0,0.0,4.2,1416.1724137931035
0.3087431693989071,0.8370023148148148,40.736671447753906,-73.86564636230469,40.73494338989258,-73.86219024658203,8.0,8.0,348.88017878507344,1.0,0.0,5.0,70.0,0.0,0.0,4.2,2665.0
0.3087431693989071,0.360625,40.81083297729492,-73.92679595947266,40.81330871582031,-73.9388198852539,6.0,6.0,1048.6955324839892,1.0,1.0,1.0,70.0,0.0,0.0,4.2,1655.96
0.3087431693989071,0.378587962962963,40.85806655883789,-73.8840103149414,40.83464431762695,-73.91729736328125,5.0,5.0,3823.9742468264594,1.0,1.0,1.0,70.0,0.0,0.0,4.2,1135.3505154639174
0.3087431693989071,0.2516550925925926,40.81795883178711,-73.94190979003906,40.767250061035156,-73.98233032226562,6.0,4.0,6585.738498742517,1.0,1.0,1.0,70.0,0.0,0.0,4.2,1439.9454545454546
0.3087431693989071,0.6565393518518519,40.6927490234375,-73.99067687988281,40.67310333251953,-73.97972106933594,0.0,0.0,2371.8109012526643,1.0,0.0,1.0,70.0,0.0,0.0,4.2,901.0
0.3087431693989071,0.8682291666666667,40.69126510620117,-73.9655532836914,40.68157958984375,-73.95806121826172,0.0,3.0,1248.5793452560192,1.0,0.0,1.0,70.0,0.0,0.0,4.2,225.54330708661416
0.24316939890710382,0.8629861111111111,40.807701110839844,-73.94525146484375,40.80293273925781,-73.93608856201172,6.0,6.0,935.8989092652824,1.0,0.0,1.0,46.0,0.0,0.0,11.6,2675.0
0.24316939890710382,0.5298032407407407,40.62997055053711,-73.93695068359375,40.63554763793945,-73.90882873535156,3.0,3.0,2452.782036551611,1.0,0.0,1.0,46.0,0.0,0.0,11.6,1075.933734939759
0.24316939890710382,0.47021990740740743,40.81247329711914,-73.9556884765625,40.80632019042969,-73.94664764404297,6.0,6.0,1023.2710034491616,1.0,0.0,2.0,46.0,0.0,0.0,11.6,1655.96
0.4262295081967213,0.59125,40.803062438964844,-73.9488525390625,40.80229187011719,-73.94539642333984,6.0,6.0,303.25964965469524,0.0,0.0,1.0,74.0,0.4,0.0,2.5,1655.96
0.4262295081967213,0.1416087962962963,40.747318267822266,-73.88704681396484,40.66176986694336,-73.83390808105469,8.0,2.0,10514.413885951735,0.0,0.0,1.0,74.0,0.4,0.0,2.5,1515.8823529411766
0.4262295081967213,0.8713310185185185,40.74673080444336,-73.89239501953125,40.77449417114258,-73.87242126464844,8.0,8.0,3515.7493568153427,0.0,0.0,1.0,74.0,0.4,0.0,2.5,1416.1724137931035
0.4262295081967213,0.6106712962962964,40.80548095703125,-73.93919372558594,40.76793670654297,-73.953125,6.0,6.0,4336.361695314216,0.0,0.0,4.0,74.0,0.4,0.0,2.5,1655.96
0.4262295081967213,0.507974537037037,40.8360710144043,-73.94590759277344,40.78645324707031,-73.97174072265625,6.0,6.0,5930.154162500384,0.0,0.0,1.0,74.0,0.4,0.0,2.5,1294.74
0.4262295081967213,0.7871759259259259,40.6785774230957,-73.94944763183594,40.6829948425293,-73.96435546875,3.0,0.0,1349.6596210879707,0.0,0.0,1.0,74.0,0.4,0.0,2.5,2910.5
0.4262295081967213,0.9176736111111111,40.69963073730469,-73.98074340820312,40.68972396850586,-73.9712142944336,0.0,0.0,1363.4131208171802,0.0,0.0,1.0,74.0,0.4,0.0,2.5,712.0
0.4262295081967213,0.8664467592592593,40.749969482421875,-73.86178588867188,40.759117126464844,-73.87940979003906,8.0,8.0,1799.5411252163035,0.0,0.0,1.0,74.0,0.4,0.0,2.5,2665.0
0.4262295081967213,0.9560185185185185,40.68650436401367,-73.99057006835938,40.71868133544922,-73.98853302001953,0.0,4.0,3582.03426076911,0.0,0.0,5.0,74.0,0.4,0.0,2.5,901.0
0.4262295081967213,0.1267824074074074,40.71686553955078,-73.9588394165039,40.71598815917969,-73.94292449951172,4.0,3.0,1344.850952807861,0.0,0.0,3.0,74.0,0.4,0.0,2.5,1022.3559322033898
0.4262295081967213,0.5918171296296296,40.67632293701172,-73.98371887207031,40.71808624267578,-73.98719024658203,0.0,4.0,4653.0797610605005,0.0,0.0,1.0,74.0,0.4,0.0,2.5,869.75
0.4262295081967213,0.7353240740740741,40.70115280151367,-73.9867935180664,40.699642181396484,-73.99193572998047,0.0,0.0,464.8958138191426,0.0,0.0,1.0,74.0,0.4,0.0,2.5,225.54330708661416
0.4918032786885246,0.7129166666666666,40.66325759887695,-73.99502563476562,40.689884185791016,-73.98631286621094,0.0,0.0,3050.5487840404458,1.0,1.0,4.0,72.0,0.12,0.0,3.6,1260.0
0.4918032786885246,0.6336342592592593,40.811500549316406,-73.95379638671875,40.750030517578125,-73.98859405517578,6.0,4.0,7436.646028369326,1.0,0.0,1.0,72.0,0.12,0.0,3.6,1819.1950464396284
0.4918032786885246,0.8388773148148149,40.690738677978516,-73.99639892578125,40.69257354736328,-73.98724365234375,0.0,0.0,798.4019060866618,1.0,0.0,1.0,72.0,0.12,0.0,3.6,225.54330708661416
0.4918032786885246,0.8025462962962963,40.68757629394531,-73.97669982910156,40.67266082763672,-73.96592712402344,0.0,0.0,1891.0115677659046,1.0,1.0,1.0,72.0,0.12,0.0,3.6,712.0
0.4918032786885246,0.5591319444444445,40.70582580566406,-73.80925750732422,40.71052932739258,-73.79289245605469,2.0,2.0,1475.2372535408956,1.0,0.0,1.0,72.0,0.12,0.0,3.6,604.9722222222222
0.4918032786885246,0.49747685185185186,40.7618293762207,-73.94991302490234,40.77385330200195,-73.87078857421875,4.0,8.0,6796.256225827141,1.0,0.0,1.0,72.0,0.12,0.0,3.6,1346.842105263158
0.4918032786885246,0.6041782407407408,40.790706634521484,-73.95389556884766,40.77737045288086,-73.95259857177734,6.0,6.0,1486.9309507262076,1.0,0.0,1.0,72.0,0.12,0.0,3.6,1655.96
0.02459016393442623,0.023171296296296297,40.67679977416992,-73.9635009765625,40.64305114746094,-73.95968627929688,0.0,0.0,3766.446126982168,0.0,0.0,1.0,44.0,0.0,0.0,8.1,1404.25
0.02459016393442623,0.9189467592592593,40.7891731262207,-73.94359588623047,40.77860641479492,-73.953125,6.0,6.0,1422.7525049623173,0.0,0.0,1.0,44.0,0.0,0.0,8.1,1407.4660633484164
0.02459016393442623,0.9219791666666667,40.711795806884766,-73.95133209228516,40.748233795166016,-73.97808837890625,3.0,4.0,4636.75051450036,0.0,0.0,1.0,44.0,0.0,0.0,8.1,970.8459770114943
0.02459016393442623,0.24032407407407408,40.76657485961914,-73.92131805419922,40.75687026977539,-73.92289733886719,8.0,8.0,1087.2678239671661,0.0,0.0,1.0,44.0,0.0,0.0,8.1,3294.0
0.02459016393442623,0.9534490740740741,40.72022247314453,-73.95513916015625,40.72414016723633,-73.9495849609375,4.0,4.0,639.4201361118578,0.0,0.0,1.0,44.0,0.0,0.0,8.1,1316.25
0.2786885245901639,0.5279976851851852,40.82069396972656,-73.93670654296875,40.7984733581543,-73.96099853515625,6.0,6.0,3206.986221008006,1.0,0.0,1.0,54.0,0.01,0.0,6.9,1655.96
0.2786885245901639,0.6029745370370371,40.790008544921875,-73.94790649414062,40.74951171875,-73.99242401123047,6.0,4.0,5859.335648187358,1.0,0.0,1.0,54.0,0.01,0.0,6.9,1819.1950464396284
0.2786885245901639,0.0146875,40.7474479675293,-73.95631408691406,40.761329650878906,-73.95055389404297,4.0,4.0,1618.0320418346487,1.0,0.0,1.0,54.0,0.01,0.0,6.9,862.566265060241
0.3333333333333333,0.8094444444444444,40.81626510620117,-73.94608306884766,40.81629180908203,-73.94612121582031,6.0,6.0,4.372831474355079,0.0,0.0,1.0,48.0,0.16,0.0,5.0,2675.0
0.3333333333333333,0.5965277777777778,40.823150634765625,-73.9426498413086,40.813446044921875,-73.9177474975586,6.0,6.0,2357.074056379738,0.0,0.0,1.0,48.0,0.16,0.0,5.0,1135.3505154639174
0.03278688524590164,0.4532060185185185,40.69697952270508,-73.95661926269531,40.709712982177734,-73.9656753540039,3.0,4.0,1608.5819226202195,1.0,0.0,1.0,34.0,0.0,0.0,6.1,1346.842105263158
0.03278688524590164,0.39091435185185186,40.81536865234375,-73.94010162353516,40.80193328857422,-73.9499282836914,6.0,6.0,1707.5910745972126,1.0,1.0,1.0,34.0,0.0,0.0,6.1,1655.96
0.03278688524590164,0.4908796296296296,40.80544662475586,-73.96200561523438,40.776241302490234,-73.98523712158203,6.0,4.0,3790.928876804267,1.0,0.0,1.0,34.0,0.0,0.0,6.1,1655.96
0.03278688524590164,0.2530324074074074,40.65591812133789,-73.94725036621094,40.66802978515625,-73.95262908935547,3.0,3.0,1421.1207212078518,1.0,1.0,1.0,34.0,0.0,0.0,6.1,1082.2173913043478
0.08196721311475409,0.8155092592592592,40.68961715698242,-73.9727554321289,40.71354675292969,-73.95671844482422,0.0,4.0,2984.5847685981807,0.0,0.0,2.0,34.0,0.0,0.0,7.0,969.0
0.08196721311475409,0.8761342592592593,40.71372604370117,-73.9515380859375,40.733421325683594,-73.95845794677734,4.0,4.0,2266.3236291024973,0.0,0.0,1.0,34.0,0.0,0.0,7.0,970.8459770114943
0.08196721311475409,0.7752430555555555,40.74892044067383,-73.89253234863281,40.7540283203125,-73.87854766845703,8.0,8.0,1307.7806106176374,0.0,0.0,1.0,34.0,0.0,0.0,7.0,2665.0
0.08196721311475409,0.3125,40.7618408203125,-73.92322540283203,40.77708053588867,-73.95587158203125,8.0,6.0,3229.524531125123,0.0,0.0,1.0,34.0,0.0,0.0,7.0,1725.7826086956522
0.01366120218579235,0.6168287037037037,40.80882263183594,-73.94791412353516,40.81643295288086,-73.93501281738281,6.0,6.0,1376.5727313795003,1.0,0.0,6.0,20.0,0.0,0.0,5.1,1655.96
0.01366120218579235,0.7273263888888889,40.74611282348633,-73.90319061279297,40.711936950683594,-73.86079406738281,8.0,2.0,5215.759925734215,1.0,1.0,1.0,20.0,0.0,0.0,5.1,1416.1724137931035
0.01366120218579235,0.5938888888888889,40.693912506103516,-73.99049377441406,40.693973541259766,-73.99131774902344,0.0,0.0,69.79868250642683,1.0,0.0,1.0,20.0,0.0,0.0,5.1,225.54330708661416
0.01366120218579235,0.3385648148148148,40.76579666137695,-73.92630004882812,40.76451873779297,-73.97069549560547,8.0,4.0,3741.602821449644,1.0,1.0,1.0,20.0,0.0,0.0,5.1,1725.7826086956522
0.01366120218579235,0.4755902777777778,40.847042083740234,-73.93177032470703,40.838623046875,-73.9398193359375,5.0,6.0,1155.3450605638898,1.0,0.0,2.0,20.0,0.0,0.0,5.1,1294.74
0.3633879781420765,0.45362268518518517,40.81829833984375,-73.9561996459961,40.84113693237305,-73.93978881835938,6.0,5.0,2890.623104828209,1.0,0.0,1.0,68.0,0.0,0.0,3.3,1655.96
0.3633879781420765,0.8439699074074074,40.72252655029297,-73.94921875,40.71547317504883,-73.94453430175781,4.0,3.0,878.0572728384345,1.0,0.0,5.0,68.0,0.0,0.0,3.3,1316.25
0.3633879781420765,0.6583680555555556,40.72390365600586,-73.95033264160156,40.711822509765625,-73.96063232421875,4.0,4.0,1599.4095723321327,1.0,0.0,1.0,68.0,0.0,0.0,3.3,1346.842105263158
0.1912568306010929,0.5124421296296297,40.734222412109375,-73.8690185546875,40.73712921142578,-73.85926055908203,8.0,8.0,883.418027084063,1.0,0.0,3.0,71.0,0.0,0.0,5.0,3509.0
0.1912568306010929,0.5433217592592593,40.862972259521484,-73.89649200439453,40.876953125,-73.88568115234375,5.0,5.0,1800.86815219024,1.0,0.0,1.0,71.0,0.0,0.0,5.0,1135.3505154639174
0.1912568306010929,0.8495254629629629,40.733497619628906,-73.86896514892578,40.74055862426758,-73.82257843017578,8.0,2.0,3986.343761342989,1.0,0.0,1.0,71.0,0.0,0.0,5.0,1416.1724137931035
0.1912568306010929,0.5735532407407408,40.71695327758789,-73.80348205566406,40.689552307128906,-73.82002258300781,2.0,2.0,3350.7294244876666,1.0,0.0,1.0,71.0,0.0,0.0,5.0,604.9722222222222
0.3442622950819672,0.6682291666666667,40.691932678222656,-73.98728942871094,40.70130920410156,-73.98246002197266,0.0,0.0,1119.2972174853521,1.0,1.0,2.0,52.0,0.0,0.0,8.2,225.54330708661416
0.3442622950819672,0.8335648148148148,40.721412658691406,-73.8443374633789,40.71975326538086,-73.85713958740234,2.0,2.0,1094.5589280045879,1.0,0.0,1.0,52.0,0.0,0.0,8.2,770.244769874477
0.3442622950819672,0.028043981481481482,40.757911682128906,-73.9166030883789,40.762451171875,-73.92636108398438,8.0,8.0,964.4938249216651,1.0,0.0,2.0,52.0,0.0,0.0,8.2,3160.0
0.412568306010929,0.11331018518518518,40.68365478515625,-73.95421600341797,40.714073181152344,-73.9417724609375,3.0,3.0,3541.3093934572935,1.0,0.0,1.0,75.0,1.65,0.0,3.1,742.9054054054054
0.412568306010929,0.11436342592592592,40.802181243896484,-73.9500503540039,40.80175018310547,-73.96308898925781,6.0,6.0,1098.5279005588854,1.0,0.0,1.0,75.0,1.65,0.0,3.1,793.625
0.412568306010929,0.7324884259259259,40.805816650390625,-73.93925476074219,40.77899932861328,-73.94668579101562,6.0,6.0,3046.861603223969,1.0,1.0,1.0,75.0,1.65,0.0,3.1,1655.96
0.1557377049180328,0.8760763888888888,40.76544952392578,-73.91381072998047,40.743228912353516,-73.91736602783203,8.0,8.0,2488.901313408379,1.0,0.0,1.0,33.0,0.0,0.0,8.7,2665.0
0.1557377049180328,0.6165393518518518,40.76786804199219,-73.92366027832031,40.74591827392578,-73.91340637207031,8.0,8.0,2589.007681755365,1.0,0.0,3.0,33.0,0.0,0.0,8.7,2665.0
0.1557377049180328,0.5978703703703704,40.71455764770508,-73.96121978759766,40.779388427734375,-73.95051574707031,4.0,6.0,7265.030559402853,1.0,0.0,1.0,33.0,0.0,0.0,8.7,1346.842105263158
0.1557377049180328,0.8550347222222222,40.834129333496094,-73.85197448730469,40.86101531982422,-73.88996124267578,5.0,5.0,4375.723060977897,1.0,0.0,1.0,33.0,0.0,0.0,8.7,1028.3731343283582
0.1557377049180328,0.6262731481481482,40.80538558959961,-73.93905639648438,40.78971862792969,-73.9752426147461,6.0,6.0,3509.030419463923,1.0,0.0,3.0,33.0,0.0,0.0,8.7,1655.96
0.1557377049180328,0.3196412037037037,40.79553985595703,-73.9480972290039,40.81987762451172,-73.94271850585938,6.0,6.0,2743.838376385935,1.0,1.0,1.0,33.0,0.0,0.0,8.7,1439.9454545454546
0.1557377049180328,0.6320601851851851,40.74677658081055,-73.8904800415039,40.764949798583984,-73.87662506103516,8.0,8.0,2333.5400072098055,1.0,0.0,1.0,33.0,0.0,0.0,8.7,2665.0
0.1557377049180328,0.4337152777777778,40.856781005859375,-73.84393310546875,40.85330581665039,-73.84333801269531,5.0,5.0,389.6511670236326,1.0,0.0,1.0,33.0,0.0,0.0,8.7,1135.3505154639174
0.1557377049180328,0.014756944444444444,40.8050422668457,-73.95476531982422,40.7846794128418,-73.94554901123047,6.0,6.0,2393.47614616516,1.0,0.0,3.0,33.0,0.0,0.0,8.7,793.625
0.4371584699453552,0.8351041666666666,40.82715606689453,-73.94290161132812,40.79428482055664,-73.94134521484375,6.0,6.0,3657.4620864640174,1.0,0.0,2.0,60.0,0.45,0.0,7.7,1099.972972972973
0.4371584699453552,0.8819212962962963,40.747013092041016,-73.88919830322266,40.76744842529297,-73.8814697265625,8.0,8.0,2363.7102514022117,1.0,0.0,1.0,60.0,0.45,0.0,7.7,2665.0
0.4371584699453552,0.7553356481481481,40.7349967956543,-73.87454223632812,40.746341705322266,-73.92180633544922,8.0,8.0,4177.008315195855,1.0,1.0,1.0,60.0,0.45,0.0,7.7,2145.5263157894738
0.4371584699453552,0.8317129629629629,40.75287628173828,-73.92741394042969,40.765602111816406,-73.9135513305664,8.0,8.0,1834.5629229536241,1.0,1.0,1.0,60.0,0.45,0.0,7.7,2665.0
0.4371584699453552,0.8477199074074074,40.72138214111328,-73.84427642822266,40.735965728759766,-73.8086929321289,2.0,2.0,3408.839500585239,1.0,0.0,1.0,60.0,0.45,0.0,7.7,604.9722222222222
0.4371584699453552,0.4632523148148148,40.68390655517578,-73.97603607177734,40.6827507019043,-73.99043273925781,0.0,0.0,1220.7374355002923,1.0,0.0,1.0,60.0,0.45,0.0,7.7,225.54330708661416
0.4371584699453552,0.8080902777777778,40.74755096435547,-73.88434600830078,40.75038146972656,-73.87772369384766,8.0,8.0,640.5171581731315,1.0,1.0,1.0,60.0,0.45,0.0,7.7,2665.0
0.4371584699453552,0.551863425925926,40.80495834350586,-73.96243286132812,40.823883056640625,-73.94405364990234,6.0,6.0,2611.6169404104235,1.0,0.0,1.0,60.0,0.45,0.0,7.7,1655.96
0.4371584699453552,0.0013657407407407407,40.62821960449219,-73.89849853515625,40.660518646240234,-73.91780853271484,3.0,3.0,3943.7425324410215,1.0,0.0,1.0,60.0,0.45,0.0,7.7,855.2125
0.4453551912568306,0.48690972222222223,40.79838943481445,-73.93303680419922,40.85453414916992,-73.86398315429688,6.0,5.0,8528.399595177712,0.0,0.0,1.0,74.0,0.0,0.0,3.4,1627.4375
0.4453551912568306,0.9777893518518519,40.6973762512207,-73.93148040771484,40.713836669921875,-73.94937133789062,3.0,3.0,2371.5798654249384,0.0,0.0,6.0,74.0,0.0,0.0,3.4,970.8459770114943
0.4453551912568306,0.7175347222222223,40.79966354370117,-73.9450912475586,40.76165008544922,-73.97518920898438,6.0,4.0,4928.377415698153,0.0,0.0,1.0,74.0,0.0,0.0,3.4,1536.811320754717
0.4453551912568306,0.6182523148148148,40.74633026123047,-73.89634704589844,40.746070861816406,-73.87904357910156,8.0,8.0,1457.9673805743882,0.0,0.0,1.0,74.0,0.0,0.0,3.4,2665.0
0.4453551912568306,0.19768518518518519,40.684715270996094,-73.9919662475586,40.680763244628906,-73.98294067382812,0.0,0.0,878.8192689392708,0.0,0.0,2.0,74.0,0.0,0.0,3.4,225.54330708661416
0.4453551912568306,0.4115625,40.76484680175781,-73.91688537597656,40.760623931884766,-73.98497009277344,8.0,4.0,5753.373090787001,0.0,0.0,1.0,74.0,0.0,0.0,3.4,1725.7826086956522
0.4453551912568306,0.6518055555555555,40.69078826904297,-73.98765563964844,40.6861457824707,-73.9911117553711,0.0,0.0,592.7900177618304,0.0,0.0,1.0,74.0,0.0,0.0,3.4,225.54330708661416
0.4453551912568306,0.09983796296296296,40.823970794677734,-73.94486999511719,40.79879379272461,-73.94991302490234,6.0,6.0,2831.543590464639,0.0,0.0,1.0,74.0,0.0,0.0,3.4,1095.25
0.4453551912568306,0.13194444444444445,40.68100357055664,-73.97736358642578,40.66629409790039,-73.95223236083984,0.0,3.0,2677.1588020311433,0.0,0.0,1.0,74.0,0.0,0.0,3.4,869.75
0.4453551912568306,0.32528935185185187,40.69321060180664,-73.96990966796875,40.68705749511719,-73.97830963134766,0.0,0.0,984.7375735384785,0.0,0.0,1.0,74.0,0.0,0.0,3.4,225.54330708661416
0.4453551912568306,0.8236921296296297,40.83839797973633,-73.90099334716797,40.85028839111328,-73.89431762695312,5.0,5.0,1436.4623974694105,0.0,0.0,1.0,74.0,0.0,0.0,3.4,1028.3731343283582
0.13114754098360656,0.9021412037037037,40.70750427246094,-73.95516204833984,40.71889114379883,-73.9609146118164,3.0,4.0,1355.8191472456133,1.0,0.0,1.0,37.0,0.0,0.0,7.3,1316.25
0.13114754098360656,0.9835995370370371,40.68392562866211,-73.9785385131836,40.67215347290039,-73.96273803710938,0.0,0.0,1867.8493945553669,1.0,0.0,1.0,37.0,0.0,0.0,7.3,508.3333333333333
0.12021857923497267,0.7264814814814815,40.721431732177734,-73.84336853027344,40.71415328979492,-73.83475494384766,2.0,2.0,1087.195165244415,0.0,0.0,1.0,14.0,0.0,0.0,12.2,604.9722222222222
0.12021857923497267,0.6308912037037037,40.748287200927734,-73.87857818603516,40.68718719482422,-73.86241912841797,8.0,2.0,6929.157985575235,0.0,0.0,1.0,14.0,0.0,0.0,12.2,1416.1724137931035
0.12021857923497267,0.3927199074074074,40.79007339477539,-73.94318389892578,40.807987213134766,-73.94510650634766,6.0,6.0,1998.4891557391225,0.0,0.0,1.0,14.0,0.0,0.0,12.2,1655.96
0.12021857923497267,0.4621180555555556,40.76155090332031,-73.92538452148438,40.77681350708008,-73.95560455322266,8.0,6.0,3058.898043697958,0.0,0.0,1.0,14.0,0.0,0.0,12.2,1725.7826086956522
0.48633879781420764,0.8157291666666666,40.6894645690918,-73.99250030517578,40.685420989990234,-73.99446868896484,0.0,0.0,479.27888418097154,0.0,0.0,1.0,77.0,0.0,0.0,2.5,225.54330708661416
0.48633879781420764,0.8284837962962963,40.65476608276367,-73.95962524414062,40.69222640991211,-73.93720245361328,0.0,3.0,4574.544307553106,0.0,0.0,1.0,77.0,0.0,0.0,2.5,1260.0
0.48633879781420764,0.7585300925925926,40.753658294677734,-73.90412902832031,40.747013092041016,-73.88980102539062,8.0,8.0,1415.172818132332,0.0,0.0,1.0,77.0,0.0,0.0,2.5,2665.0
0.09016393442622951,0.6026851851851852,40.79850769042969,-73.94114685058594,40.81105041503906,-73.93700408935547,6.0,6.0,1437.6146553899828,1.0,0.0,1.0,44.0,0.0,0.0,3.5,1655.96
0.09016393442622951,0.9566087962962962,40.73457717895508,-73.95502471923828,40.76475524902344,-73.98155975341797,4.0,4.0,4031.9636271651752,1.0,0.0,1.0,44.0,0.0,0.0,3.5,970.8459770114943
0.09016393442622951,0.8287037037037037,40.71794509887695,-73.9576187133789,40.72610092163086,-73.939697265625,4.0,4.0,1761.652865966238,1.0,1.0,1.0,44.0,0.0,0.0,3.5,1181.421052631579
0.09016393442622951,0.36767361111111113,40.805049896240234,-73.93913269042969,40.79102325439453,-73.95140838623047,6.0,6.0,1870.9350651535633,1.0,1.0,1.0,44.0,0.0,0.0,3.5,1655.96
0.09016393442622951,0.734212962962963,40.799434661865234,-73.95171356201172,40.77897644042969,-73.9518051147461,6.0,6.0,2274.8634770907447,1.0,1.0,2.0,44.0,0.0,0.0,3.5,1655.96
0.45081967213114754,0.5231018518518519,40.74799346923828,-73.9571304321289,40.77884292602539,-73.95819091796875,4.0,6.0,3431.465583387814,1.0,0.0,1.0,66.0,0.0,0.0,7.4,1346.842105263158
0.45081967213114754,0.9718865740740741,40.810752868652344,-73.95279693603516,40.78619384765625,-73.97607421875,6.0,6.0,3361.052985749336,1.0,0.0,1.0,66.0,0.0,0.0,7.4,1099.972972972973
0.45081967213114754,0.56875,40.69471740722656,-73.98741149902344,40.7021598815918,-73.9887466430664,0.0,0.0,835.1846351021101,1.0,0.0,1.0,66.0,0.0,0.0,7.4,225.54330708661416
0.45081967213114754,0.7823842592592593,40.80579376220703,-73.93909454345703,40.85762023925781,-73.93196105957031,6.0,5.0,5794.008808880112,1.0,1.0,1.0,66.0,0.0,0.0,7.4,1407.4660633484164
0.04371584699453552,0.9119907407407407,40.80789566040039,-73.94541931152344,40.71653366088867,-74.00985717773438,6.0,4.0,11517.73564188415,0.0,0.0,2.0,47.0,0.24,0.0,6.7,1099.972972972973
0.04371584699453552,0.5869212962962963,40.8150520324707,-73.94408416748047,40.80465316772461,-73.95156860351562,6.0,6.0,1316.7413797860593,0.0,0.0,1.0,47.0,0.24,0.0,6.7,1655.96
0.04371584699453552,0.3275462962962963,40.84713363647461,-73.88348388671875,40.871089935302734,-73.86431121826172,5.0,5.0,3113.803471934863,0.0,0.0,1.0,47.0,0.24,0.0,6.7,793.625
0.04371584699453552,0.1411226851851852,40.68232345581055,-73.99589538574219,40.64280319213867,-73.9825439453125,0.0,0.0,4536.459950537818,0.0,0.0,1.0,47.0,0.24,0.0,6.7,1404.25
0.04371584699453552,0.8169560185185185,40.74547576904297,-73.95674133300781,40.703765869140625,-73.82962799072266,4.0,2.0,11672.727462348033,0.0,0.0,1.0,47.0,0.24,0.0,6.7,970.8459770114943
0.1721311475409836,0.3658912037037037,40.693206787109375,-73.96883392333984,40.680423736572266,-73.98054504394531,0.0,0.0,1730.741685779722,1.0,1.0,1.0,31.0,0.0,0.0,5.9,508.3333333333333
0.1721311475409836,0.5804050925925925,40.83091735839844,-73.90072631835938,40.826541900634766,-73.90589904785156,5.0,5.0,652.7843358481232,1.0,0.0,2.0,31.0,0.0,0.0,5.9,1135.3505154639174
0.1721311475409836,0.0831712962962963,40.70722961425781,-73.95439910888672,40.69297409057617,-73.92817687988281,3.0,3.0,2720.1470658132594,1.0,0.0,1.0,31.0,0.0,0.0,5.9,855.2125
0.1721311475409836,0.9770023148148148,40.686866760253906,-73.97761535644531,40.66135025024414,-73.95702362060547,0.0,3.0,3326.558320421706,1.0,0.0,2.0,31.0,0.0,0.0,5.9,901.0
0.43169398907103823,0.45105324074074077,40.70297622680664,-73.99466705322266,40.70380783081055,-73.9904556274414,0.0,0.0,366.85341466644707,1.0,0.0,1.0,74.0,0.0,0.0,5.6,225.54330708661416
0.43169398907103823,0.3438773148148148,40.69459533691406,-73.92063903808594,40.69996643066406,-73.9244613647461,3.0,3.0,678.6243167100416,1.0,1.0,1.0,74.0,0.0,0.0,5.6,1148.921052631579
0.3879781420765027,0.924699074074074,40.790714263916016,-73.95359802246094,40.787967681884766,-73.97360229492188,6.0,6.0,1711.5781927598885,0.0,0.0,1.0,60.0,0.04,0.0,3.7,1407.4660633484164
0.3879781420765027,0.6607523148148148,40.721466064453125,-73.84445190429688,40.725807189941406,-73.81680297851562,2.0,2.0,2379.4732034528233,0.0,0.0,1.0,60.0,0.04,0.0,3.7,604.9722222222222
0.3879781420765027,0.7542824074074074,40.71316909790039,-73.96199798583984,40.64725112915039,-73.96881866455078,4.0,0.0,7352.27475981192,0.0,0.0,1.0,60.0,0.04,0.0,3.7,1083.8434782608695
0.3879781420765027,0.046516203703703705,40.85572814941406,-73.92900085449219,40.87088394165039,-73.90140533447266,5.0,5.0,2867.975444866524,0.0,0.0,1.0,60.0,0.04,0.0,3.7,793.625
0.40437158469945356,0.0022916666666666667,40.75025939941406,-73.9400405883789,40.75197982788086,-73.88333129882812,4.0,8.0,4780.790523624844,1.0,0.0,5.0,80.0,0.0,0.0,3.8,862.566265060241
0.40437158469945356,0.31556712962962963,40.84919738769531,-73.93563842773438,40.84785842895508,-73.93038940429688,5.0,5.0,465.935978182371,1.0,1.0,1.0,80.0,0.0,0.0,3.8,1555.0
0.40437158469945356,0.007974537037037037,40.72377395629883,-73.95099639892578,40.66816711425781,-73.99073791503906,4.0,0.0,7032.59456296273,1.0,0.0,1.0,80.0,0.0,0.0,3.8,862.566265060241
0.19672131147540983,0.9768402777777778,40.73590850830078,-73.87562561035156,40.75278854370117,-73.8980484008789,8.0,8.0,2662.957881522537,0.0,0.0,1.0,50.0,0.0,0.0,5.2,2665.0
0.19672131147540983,0.9574074074074074,40.673492431640625,-73.9659652709961,40.706138610839844,-74.0161361694336,0.0,0.0,5574.153792606316,0.0,0.0,1.0,50.0,0.0,0.0,5.2,901.0
0.19672131147540983,0.9974768518518519,40.69872283935547,-73.9923324584961,40.620079040527344,-74.02366638183594,0.0,0.0,9135.49314213985,0.0,0.0,1.0,50.0,0.0,0.0,5.2,901.0
0.19672131147540983,0.008622685185185185,40.75939178466797,-73.8299331665039,40.78795623779297,-73.8447036743164,2.0,8.0,3411.0688544949403,0.0,0.0,5.0,50.0,0.0,0.0,5.2,426.3333333333333
0.19672131147540983,0.4266087962962963,40.826393127441406,-73.95064544677734,40.816505432128906,-73.95780181884766,6.0,6.0,1253.5722894107712,0.0,0.0,1.0,50.0,0.0,0.0,5.2,1655.96
0.19672131147540983,0.7517824074074074,40.842376708984375,-73.93933868408203,40.819923400878906,-73.95243072509766,5.0,6.0,2728.876274229513,0.0,0.0,1.0,50.0,0.0,0.0,5.2,1294.74
0.19672131147540983,0.6567824074074075,40.847965240478516,-73.93787384033203,40.8302116394043,-73.94792175292969,5.0,6.0,2147.463908553974,0.0,0.0,1.0,50.0,0.0,0.0,5.2,1294.74
0.19672131147540983,0.6230092592592592,40.759151458740234,-73.9190902709961,40.737361907958984,-73.90750122070312,8.0,8.0,2612.1755615509023,0.0,0.0,1.0,50.0,0.0,0.0,5.2,2665.0
0.19672131147540983,0.8051273148148148,40.68396759033203,-73.97848510742188,40.654537200927734,-73.96046447753906,0.0,0.0,3608.2229648785496,0.0,0.0,1.0,50.0,0.0,0.0,5.2,901.0
0.19672131147540983,0.23935185185185184,40.75437927246094,-73.89735412597656,40.75537872314453,-73.99142456054688,8.0,4.0,7924.44418034983,0.0,0.0,1.0,50.0,0.0,0.0,5.2,1725.7826086956522
0.19672131147540983,0.8869444444444444,40.766632080078125,-73.92144775390625,40.75537109375,-73.92530822753906,8.0,8.0,1293.6899246785745,0.0,0.0,1.0,50.0,0.0,0.0,5.2,2665.0
0.19672131147540983,0.9411458333333333,40.68772888183594,-73.98699951171875,40.67292022705078,-73.95514678955078,0.0,3.0,3150.56187706387,0.0,0.0,1.0,50.0,0.0,0.0,5.2,901.0
0.3005464480874317,0.28413194444444445,40.74650955200195,-73.89051055908203,40.743247985839844,-73.91749572753906,8.0,8.0,2302.0819488073967,1.0,1.0,1.0,64.0,0.0,0.0,7.7,3294.0
0.27049180327868855,0.8576851851851852,40.73278045654297,-73.86380004882812,40.73145294189453,-73.84879302978516,8.0,2.0,1273.0787091944094,1.0,0.0,2.0,45.0,0.01,0.0,7.1,1885.0
0.27049180327868855,0.41445601851851854,40.72132110595703,-73.84416198730469,40.71255111694336,-73.82648468017578,2.0,2.0,1780.6085728860012,1.0,1.0,1.0,45.0,0.01,0.0,7.1,604.9722222222222
0.27049180327868855,0.7636805555555556,40.720680236816406,-73.8443832397461,40.606422424316406,-73.82038879394531,2.0,2.0,12865.07419428573,1.0,1.0,1.0,45.0,0.01,0.0,7.1,604.9722222222222
0.4562841530054645,0.9391550925925926,40.76180648803711,-73.92537689208984,40.74819564819336,-73.89676666259766,8.0,8.0,2845.702240382154,1.0,0.0,1.0,74.0,0.0,0.0,2.4,2665.0
0.4562841530054645,0.7342013888888889,40.789791107177734,-73.93988037109375,40.82699966430664,-73.89645385742188,6.0,5.0,5520.556911624689,1.0,1.0,1.0,74.0,0.0,0.0,2.4,1627.4375
0.4562841530054645,0.7152199074074074,40.78538131713867,-73.94920349121094,40.819034576416016,-73.90245819091797,6.0,5.0,5429.93930314127,1.0,1.0,5.0,74.0,0.0,0.0,2.4,1627.4375
0.4562841530054645,0.8195023148148148,40.693241119384766,-73.98721313476562,40.67664337158203,-74.01923370361328,0.0,0.0,3270.4743251469163,1.0,1.0,1.0,74.0,0.0,0.0,2.4,901.0
0.4562841530054645,0.7926736111111111,40.7618408203125,-73.92533874511719,40.76746368408203,-73.93449401855469,8.0,6.0,992.6882031405285,1.0,1.0,1.0,74.0,0.0,0.0,2.4,2665.0
0.4562841530054645,0.33341435185185186,40.820430755615234,-73.95110321044922,40.81999588012695,-73.94025421142578,6.0,6.0,914.205367229441,1.0,1.0,1.0,74.0,0.0,0.0,2.4,1439.9454545454546
0.4562841530054645,0.6682060185185185,40.83646011352539,-73.9432373046875,40.8350715637207,-73.94530487060547,6.0,6.0,232.58313086220093,1.0,1.0,1.0,74.0,0.0,0.0,2.4,1294.74
0.4562841530054645,0.8433680555555556,40.76669692993164,-73.92139434814453,40.768882751464844,-73.91116333007812,8.0,8.0,895.229086371176,1.0,0.0,1.0,74.0,0.0,0.0,2.4,2665.0
0.05737704918032787,0.6435416666666667,40.69244384765625,-73.99115753173828,40.68185043334961,-73.98426055908203,0.0,0.0,1313.6618619589483,1.0,0.0,4.0,31.0,0.0,0.0,6.1,225.54330708661416
0.05737704918032787,0.48680555555555555,40.78977584838867,-73.95230865478516,40.799049377441406,-73.96637725830078,6.0,6.0,1570.3189164966993,1.0,0.0,1.0,31.0,0.0,0.0,6.1,1655.96
0.05737704918032787,0.8625810185185185,40.72988510131836,-73.8239517211914,40.722293853759766,-73.84539794921875,2.0,2.0,1994.6367283390134,1.0,0.0,1.0,31.0,0.0,0.0,6.1,592.928
0.05737704918032787,0.735011574074074,40.80790710449219,-73.9455337524414,40.820194244384766,-73.95867156982422,6.0,6.0,1757.5841025885375,1.0,1.0,1.0,31.0,0.0,0.0,6.1,1655.96
0.05737704918032787,0.8755208333333333,40.67680740356445,-73.97391510009766,40.670616149902344,-73.98188781738281,0.0,0.0,962.3027333609264,1.0,0.0,1.0,31.0,0.0,0.0,6.1,225.54330708661416
0.05737704918032787,0.6293287037037038,40.71361541748047,-73.83026123046875,40.716217041015625,-73.88373565673828,2.0,8.0,4516.196125340848,1.0,0.0,1.0,31.0,0.0,0.0,6.1,770.244769874477
0.05737704918032787,0.7775,40.69112014770508,-73.98737335205078,40.679500579833984,-74.01034545898438,0.0,0.0,2328.3675749890276,1.0,1.0,1.0,31.0,0.0,0.0,6.1,969.0
0.05737704918032787,0.38479166666666664,40.754119873046875,-73.94242095947266,40.76285171508789,-73.9699478149414,4.0,4.0,2513.5897691611585,1.0,1.0,1.0,31.0,0.0,0.0,6.1,1454.2307692307693
0.05737704918032787,0.36701388888888886,40.73394775390625,-73.87086486816406,40.741424560546875,-73.90168762207031,8.0,8.0,2726.744057090197,1.0,1.0,1.0,31.0,0.0,0.0,6.1,3294.0
0.05737704918032787,0.4141550925925926,40.818241119384766,-73.94654846191406,40.74918746948242,-73.9801254272461,6.0,4.0,8182.297235472101,1.0,1.0,1.0,31.0,0.0,0.0,6.1,1819.1950464396284
0.05737704918032787,0.7721296296296296,40.71299743652344,-73.9621353149414,40.7086296081543,-73.93771362304688,4.0,3.0,2114.9526376454123,1.0,1.0,1.0,31.0,0.0,0.0,6.1,1454.2307692307693
0.05737704918032787,0.7718518518518519,40.74691390991211,-73.89108276367188,40.74191665649414,-73.90233612060547,8.0,8.0,1098.8788623591158,1.0,1.0,1.0,31.0,0.0,0.0,6.1,2665.0
0.15027322404371585,0.6821180555555556,40.816104888916016,-73.93953704833984,40.804534912109375,-73.93785858154297,6.0,6.0,1294.2547923054422,1.0,1.0,1.0,48.0,1.22,0.0,10.4,1655.96
0.15027322404371585,0.40177083333333335,40.861061096191406,-73.91413116455078,40.78889846801758,-73.95238494873047,5.0,6.0,8645.62819509331,1.0,1.0,1.0,48.0,1.22,0.0,10.4,1294.74
0.15027322404371585,0.5336458333333334,40.80930709838867,-73.95941925048828,40.79909896850586,-73.96878814697266,6.0,6.0,1382.1263846135798,1.0,0.0,1.0,48.0,1.22,0.0,10.4,1655.96
0.15027322404371585,0.7649421296296296,40.805084228515625,-73.93952178955078,40.79346466064453,-73.94041442871094,6.0,6.0,1294.2199545505835,1.0,1.0,1.0,48.0,1.22,0.0,10.4,1655.96
0.15027322404371585,0.8222569444444444,40.68620681762695,-73.98690032958984,40.69078826904297,-73.99607849121094,0.0,0.0,926.4884514706887,1.0,1.0,1.0,48.0,1.22,0.0,10.4,225.54330708661416
0.2650273224043716,0.9645138888888889,40.84823989868164,-73.93928527832031,40.8675537109375,-73.92618560791016,5.0,5.0,2413.6893839107565,1.0,0.0,1.0,39.0,0.0,0.0,6.0,1028.3731343283582
0.2650273224043716,0.6168055555555556,40.840667724609375,-73.94026947021484,40.768375396728516,-73.86164093017578,5.0,8.0,10412.318854614097,1.0,0.0,1.0,39.0,0.0,0.0,6.0,1135.3505154639174
0.2650273224043716,0.46510416666666665,40.79180908203125,-73.95292663574219,40.762535095214844,-73.97440338134766,6.0,4.0,3723.7249928454876,1.0,0.0,1.0,39.0,0.0,0.0,6.0,1819.1950464396284
0.2650273224043716,0.7575462962962963,40.69346618652344,-73.98737335205078,40.767608642578125,-73.98091125488281,0.0,4.0,8262.226431591855,1.0,1.0,1.0,39.0,0.0,0.0,6.0,901.0
0.25956284153005466,0.7045717592592593,40.668663024902344,-73.9863052368164,40.66313552856445,-73.99810791015625,0.0,0.0,1169.9381582642056,1.0,1.0,1.0,37.0,0.47,0.0,7.2,225.54330708661416
0.25956284153005466,0.8706828703703704,40.80959701538086,-73.95142364501953,40.79860305786133,-73.93946075439453,6.0,6.0,1583.7584037856275,1.0,0.0,1.0,37.0,0.47,0.0,7.2,1099.972972972973
0.25956284153005466,0.3313773148148148,40.7569694519043,-73.9146499633789,40.767391204833984,-73.92318725585938,8.0,8.0,1363.790526679816,1.0,1.0,6.0,37.0,0.47,0.0,7.2,3294.0
0.25956284153005466,0.8844444444444445,40.67293167114258,-73.8329849243164,40.604698181152344,-74.00425720214844,2.0,0.0,16322.225871414557,1.0,0.0,2.0,37.0,0.47,0.0,7.2,592.928
0.25956284153005466,0.880011574074074,40.68380355834961,-73.99514770507812,40.6776237487793,-73.96398162841797,0.0,0.0,2716.433389578518,1.0,0.0,2.0,37.0,0.47,0.0,7.2,901.0
0.25956284153005466,0.7221296296296297,40.79582977294922,-73.94759368896484,40.794837951660156,-73.9325942993164,6.0,6.0,1267.4547875238175,1.0,1.0,1.0,37.0,0.47,0.0,7.2,1135.3505154639174
0.25956284153005466,0.7715162037037037,40.80887985229492,-73.94450378417969,40.91117477416992,-73.90104675292969,6.0,5.0,11947.368765628215,1.0,1.0,1.0,37.0,0.47,0.0,7.2,1135.3505154639174
0.25956284153005466,0.38038194444444445,40.78640365600586,-73.9525146484375,40.76285171508789,-73.9819564819336,6.0,4.0,3606.211620076257,1.0,1.0,2.0,37.0,0.47,0.0,7.2,1819.1950464396284
0.319672131147541,0.8310300925925926,40.82817077636719,-73.92581176757812,40.8310546875,-73.92807006835938,5.0,5.0,372.74030358332493,1.0,1.0,1.0,54.0,0.24,0.0,7.2,2675.0
0.319672131147541,0.7988078703703704,40.810951232910156,-73.95293426513672,40.81015396118164,-73.96099853515625,6.0,6.0,684.4595283827117,1.0,1.0,1.0,54.0,0.24,0.0,7.2,2675.0
0.319672131147541,0.5824189814814815,40.790870666503906,-73.95384979248047,40.628658294677734,-73.9875717163086,6.0,0.0,18259.767668123455,1.0,0.0,1.0,54.0,0.24,0.0,7.2,1819.1950464396284
0.319672131147541,0.7038425925925926,40.769615173339844,-73.92315673828125,40.74892807006836,-73.94232940673828,8.0,4.0,2810.5267684308546,1.0,1.0,1.0,54.0,0.24,0.0,7.2,1885.0
0.319672131147541,0.6917708333333333,40.829402923583984,-73.91654968261719,40.82441329956055,-73.9137954711914,5.0,5.0,601.2729628899385,1.0,1.0,1.0,54.0,0.24,0.0,7.2,1135.3505154639174
0.10655737704918032,0.85125,40.81658172607422,-73.94666290283203,40.8015022277832,-73.96483612060547,6.0,6.0,2269.563736996894,1.0,0.0,1.0,34.0,0.05,0.1,10.5,1099.972972972973
0.10655737704918032,0.8520138888888888,40.67919158935547,-73.9900131225586,40.68868637084961,-73.98492431640625,0.0,0.0,1139.6379161481611,1.0,0.0,1.0,34.0,0.05,0.1,10.5,225.54330708661416
0.10655737704918032,0.7844675925925926,40.7429084777832,-73.95147705078125,40.7327766418457,-73.9571762084961,4.0,4.0,1224.6674670582004,1.0,1.0,1.0,34.0,0.05,0.1,10.5,1181.421052631579
0.0273224043715847,0.15633101851851852,40.74560546875,-73.90452575683594,40.745643615722656,-73.9134292602539,8.0,8.0,750.0691687611425,0.0,0.0,1.0,50.0,1.8,0.0,9.9,3294.0
0.0273224043715847,0.9556481481481481,40.68367385864258,-73.99295043945312,40.707130432128906,-74.0173568725586,0.0,0.0,3322.165391742537,0.0,0.0,1.0,50.0,1.8,0.0,9.9,969.0
0.0273224043715847,0.16649305555555555,40.74578094482422,-73.90348052978516,40.75550842285156,-73.88915252685547,8.0,8.0,1620.6995137645965,0.0,0.0,1.0,50.0,1.8,0.0,9.9,3294.0
0.0273224043715847,0.5622569444444444,40.74834442138672,-73.863525390625,40.76243209838867,-73.92605590820312,8.0,8.0,5494.991530631328,0.0,0.0,1.0,50.0,1.8,0.0,9.9,1725.7826086956522
0.0273224043715847,0.20121527777777778,40.818443298339844,-73.92727661132812,40.88101577758789,-73.87555694580078,6.0,5.0,8205.748014641373,0.0,0.0,1.0,50.0,1.8,0.0,9.9,892.6
0.07923497267759563,0.44483796296296296,40.83906555175781,-73.91499328613281,40.80796813964844,-73.9203109741211,5.0,6.0,3486.7046317956724,1.0,0.0,1.0,36.0,0.0,0.0,7.9,1135.3505154639174
0.07923497267759563,0.8850462962962963,40.74808120727539,-73.8788833618164,40.75358581542969,-73.85542297363281,8.0,8.0,2068.83559431821,1.0,0.0,1.0,36.0,0.0,0.0,7.9,2665.0
0.07923497267759563,0.5688194444444444,40.805015563964844,-73.93937683105469,40.80112838745117,-73.9495849609375,6.0,6.0,961.8131658308416,1.0,0.0,1.0,36.0,0.0,0.0,7.9,1655.96
0.07923497267759563,0.8956597222222222,40.678741455078125,-73.96855926513672,40.655433654785156,-73.95984649658203,0.0,0.0,2693.876077174968,1.0,0.0,2.0,36.0,0.0,0.0,7.9,969.0
0.07923497267759563,0.4310763888888889,40.670654296875,-73.95040893554688,40.68244934082031,-73.9826431274414,3.0,0.0,3018.1831552410627,1.0,0.0,1.0,36.0,0.0,0.0,7.9,1346.842105263158
0.07923497267759563,0.8540972222222222,40.73415756225586,-73.86952209472656,40.74824905395508,-73.86882781982422,8.0,8.0,1567.9937326961685,1.0,0.0,1.0,36.0,0.0,0.0,7.9,2665.0
0.07923497267759563,0.3776851851851852,40.80536651611328,-73.93909454345703,40.807350158691406,-73.9645767211914,6.0,6.0,2156.043856910396,1.0,1.0,1.0,36.0,0.0,0.0,7.9,1655.96
0.07923497267759563,0.9716666666666667,40.682437896728516,-73.96197509765625,40.69154357910156,-73.98428344726562,0.0,0.0,2136.1742455502335,1.0,0.0,1.0,36.0,0.0,0.0,7.9,508.3333333333333
0.46174863387978143,0.7196990740740741,40.80452346801758,-73.93757629394531,40.773826599121094,-73.87126922607422,6.0,8.0,6543.109353876289,1.0,1.0,1.0,70.0,0.0,0.0,4.7,1627.4375
0.46174863387978143,0.4257638888888889,40.63877868652344,-73.95384979248047,40.649139404296875,-73.94625854492188,3.0,3.0,1318.1282904311915,1.0,0.0,1.0,70.0,0.0,0.0,4.7,1346.842105263158
0.46174863387978143,0.6604166666666667,40.802547454833984,-73.95664978027344,40.80089569091797,-73.96092224121094,6.0,6.0,403.80812007894883,1.0,0.0,1.0,70.0,0.0,0.0,4.7,1655.96
0.46174863387978143,0.9388078703703704,40.67023849487305,-73.98843383789062,40.66853713989258,-73.98016357421875,0.0,0.0,722.7094815555528,1.0,0.0,1.0,70.0,0.0,0.0,4.7,225.54330708661416
0.46174863387978143,0.7773148148148148,40.74888610839844,-73.86941528320312,40.73850631713867,-73.87178802490234,8.0,8.0,1171.3619311406965,1.0,1.0,1.0,70.0,0.0,0.0,4.7,2665.0
0.46174863387978143,0.41074074074074074,40.74235534667969,-73.87395477294922,40.710208892822266,-74.00482940673828,8.0,0.0,11593.2846103487,1.0,1.0,2.0,70.0,0.0,0.0,4.7,1931.9115646258504
0.46174863387978143,0.5386226851851852,40.80033493041992,-73.9354476928711,40.75996780395508,-73.99639129638672,6.0,4.0,6817.549045582982,1.0,0.0,1.0,70.0,0.0,0.0,4.7,1819.1950464396284
0.46174863387978143,0.5825925925925926,40.77012252807617,-73.91802978515625,40.768463134765625,-73.86199951171875,8.0,8.0,4722.080103504803,1.0,0.0,1.0,70.0,0.0,0.0,4.7,1416.1724137931035
0.46174863387978143,0.7661458333333333,40.76694869995117,-73.89119720458984,40.77487564086914,-73.9135513305664,8.0,8.0,2078.60219715615,1.0,1.0,1.0,70.0,0.0,0.0,4.7,2665.0
0.46174863387978143,0.8239699074074074,40.79806900024414,-73.94068145751953,40.788265228271484,-73.9472885131836,6.0,6.0,1223.8221995515223,1.0,1.0,1.0,70.0,0.0,0.0,4.7,1407.4660633484164
0.36885245901639346,0.32225694444444447,40.73347091674805,-73.86956024169922,40.7408447265625,-74.00515747070312,8.0,4.0,11453.943734792587,0.0,0.0,5.0,64.0,0.0,0.0,0.0,1931.9115646258504
0.36885245901639346,0.5607060185185185,40.81489944458008,-73.95903015136719,40.78805160522461,-73.95613861083984,6.0,6.0,2995.248422804532,0.0,0.0,1.0,64.0,0.0,0.0,0.0,1655.96
0.36885245901639346,0.05202546296296296,40.66322708129883,-73.96125030517578,40.701568603515625,-73.92729949951172,0.0,3.0,5135.390956574199,0.0,0.0,1.0,64.0,0.0,0.0,0.0,869.75
0.36885245901639346,0.9712847222222222,40.730438232421875,-73.86202239990234,40.760318756103516,-73.91492462158203,8.0,8.0,5558.883611757228,0.0,0.0,1.0,64.0,0.0,0.0,0.0,1988.8
0.36885245901639346,0.1059837962962963,40.759395599365234,-73.83058166503906,40.76036071777344,-73.81485748291016,2.0,2.0,1328.70807391041,0.0,0.0,1.0,64.0,0.0,0.0,0.0,426.3333333333333
0.36885245901639346,0.48931712962962964,40.75678634643555,-73.92072296142578,40.76507568359375,-73.90747833251953,8.0,8.0,1447.0492835700998,0.0,0.0,1.0,64.0,0.0,0.0,0.0,3509.0
0.06830601092896176,0.3456712962962963,40.78578186035156,-73.95079040527344,40.756202697753906,-74.00308227539062,6.0,4.0,5496.273603289177,1.0,1.0,1.0,34.0,0.0,0.0,3.4,1819.1950464396284
0.16120218579234974,0.1531712962962963,40.72873306274414,-73.95364379882812,40.705116271972656,-73.92076873779297,4.0,3.0,3817.4507574695235,0.0,0.0,5.0,49.0,0.0,0.0,7.3,862.566265060241
0.16120218579234974,0.8429282407407407,40.81559371948242,-73.90740203857422,40.868064880371094,-73.8250732421875,5.0,5.0,9055.676612469964,0.0,0.0,1.0,49.0,0.0,0.0,7.3,1028.3731343283582
0.16120218579234974,0.09887731481481482,40.686912536621094,-73.95152282714844,40.66472625732422,-73.92424774169922,3.0,3.0,3372.9445316341203,0.0,0.0,1.0,49.0,0.0,0.0,7.3,855.2125
0.16120218579234974,0.0029861111111111113,40.66611862182617,-73.97570037841797,40.68425750732422,-73.96296691894531,0.0,0.0,2285.0002267456102,0.0,0.0,2.0,49.0,0.0,0.0,7.3,1404.25
0.16120218579234974,0.3204976851851852,40.79340362548828,-73.94961547851562,40.80348587036133,-73.9354019165039,6.0,6.0,1639.610552150122,0.0,0.0,1.0,49.0,0.0,0.0,7.3,793.625
0.2459016393442623,0.46425925925925926,40.82737350463867,-73.94998931884766,40.7348747253418,-73.99093627929688,6.0,4.0,10847.838584083247,1.0,0.0,1.0,46.0,0.0,0.0,5.4,1819.1950464396284
0.2459016393442623,0.5490625,40.7593994140625,-73.91295623779297,40.765079498291016,-73.92487335205078,8.0,8.0,1185.87148534823,1.0,0.0,1.0,46.0,0.0,0.0,5.4,2665.0
0.2459016393442623,0.0901388888888889,40.684505462646484,-73.99203491210938,40.685001373291016,-73.9800796508789,0.0,0.0,1009.5745020242492,1.0,0.0,1.0,46.0,0.0,0.0,5.4,225.54330708661416
0.2459016393442623,0.9673379629629629,40.801937103271484,-73.95702362060547,40.780487060546875,-73.95333862304688,6.0,6.0,2405.225781402713,1.0,0.0,1.0,46.0,0.0,0.0,5.4,1407.4660633484164
0.46994535519125685,0.175,40.74810791015625,-73.87922668457031,40.651405334472656,-74.00408935546875,8.0,0.0,15047.290653867582,1.0,0.0,1.0,74.0,0.0,0.0,3.1,1515.8823529411766
0.46994535519125685,0.010405092592592593,40.75648880004883,-73.92992401123047,40.76168441772461,-73.94142150878906,8.0,4.0,1127.626083714082,1.0,0.0,1.0,74.0,0.0,0.0,3.1,2372.0
0.46994535519125685,0.032060185185185185,40.746700286865234,-73.89155578613281,40.736968994140625,-73.86823272705078,8.0,8.0,2243.159814554042,1.0,0.0,2.0,74.0,0.0,0.0,3.1,3160.0
0.46994535519125685,0.7331712962962963,40.83443832397461,-73.94446563720703,40.84867858886719,-73.93937683105469,6.0,5.0,1640.2891719617498,1.0,1.0,1.0,74.0,0.0,0.0,3.1,1294.74
0.28415300546448086,0.6878356481481481,40.66864776611328,-73.9801254272461,40.67806625366211,-73.97599792480469,0.0,0.0,1103.6209383060043,1.0,1.0,6.0,49.0,0.0,0.0,4.4,225.54330708661416
0.28415300546448086,0.7022222222222222,40.826271057128906,-73.92113494873047,40.80927658081055,-73.92317199707031,5.0,6.0,1897.4586627201454,1.0,1.0,5.0,49.0,0.0,0.0,4.4,1135.3505154639174
0.28415300546448086,0.4227662037037037,40.78671646118164,-73.95272064208984,40.79264450073242,-73.96473693847656,6.0,6.0,1207.4234793339804,1.0,0.0,1.0,49.0,0.0,0.0,4.4,1655.96
0.28415300546448086,0.4281828703703704,40.6841926574707,-73.97750091552734,40.715816497802734,-73.99545288085938,0.0,4.0,3828.2385592401847,1.0,0.0,1.0,49.0,0.0,0.0,4.4,869.75
0.28415300546448086,0.4561689814814815,40.68735885620117,-73.9901123046875,40.68205261230469,-73.96493530273438,0.0,0.0,2203.3943621266603,1.0,0.0,1.0,49.0,0.0,0.0,4.4,508.3333333333333
0.28415300546448086,0.7966319444444444,40.69356918334961,-73.98895263671875,40.68684768676758,-73.97781372070312,0.0,0.0,1200.2565913766337,1.0,1.0,1.0,49.0,0.0,0.0,4.4,225.54330708661416
0.1885245901639344,0.3609375,40.66559982299805,-73.95684051513672,40.65556716918945,-73.94686889648438,3.0,3.0,1397.1355868400797,1.0,1.0,1.0,60.0,0.0,0.0,2.2,1082.2173913043478
0.1885245901639344,0.8681481481481481,40.63720703125,-73.91986083984375,40.66779327392578,-73.93109893798828,3.0,3.0,3530.7005576737106,1.0,0.0,1.0,60.0,0.0,0.0,2.2,970.8459770114943
0.1885245901639344,0.8881365740740741,40.73788833618164,-73.86625671386719,40.75788879394531,-73.88375854492188,8.0,8.0,2668.2717861032806,1.0,0.0,1.0,60.0,0.0,0.0,2.2,2665.0
0.1885245901639344,0.49299768518518516,40.83974838256836,-73.94334411621094,40.83061599731445,-73.94850158691406,6.0,6.0,1104.2889067767426,1.0,0.0,1.0,60.0,0.0,0.0,2.2,1294.74
0.20218579234972678,0.6487615740740741,40.73504638671875,-73.8649673461914,40.76287078857422,-73.87510681152344,8.0,8.0,3209.6673094414923,1.0,0.0,1.0,46.0,0.29,0.0,14.1,1416.1724137931035
0.20218579234972678,0.6720138888888889,40.723663330078125,-73.9509506225586,40.72169494628906,-73.95816802978516,4.0,4.0,646.4084469051093,1.0,1.0,1.0,46.0,0.29,0.0,14.1,1454.2307692307693
0.20218579234972678,0.5387615740740741,40.78414535522461,-73.9439926147461,40.78300857543945,-73.94486999511719,6.0,6.0,146.40668255577935,1.0,0.0,1.0,46.0,0.29,0.0,14.1,1655.96
0.20218579234972678,0.3122916666666667,40.83088302612305,-73.94705963134766,40.793312072753906,-73.94888305664062,6.0,6.0,4180.51680331033,1.0,1.0,1.0,46.0,0.29,0.0,14.1,1439.9454545454546
0.20218579234972678,0.10902777777777778,40.67966079711914,-73.93509674072266,40.682926177978516,-73.96419525146484,3.0,0.0,2480.432637509061,1.0,0.0,1.0,46.0,0.29,0.0,14.1,855.2125
0.23224043715846995,0.01957175925925926,40.69916915893555,-73.8072738647461,40.695152282714844,-73.80293273925781,2.0,2.0,577.4425196584964,1.0,0.0,1.0,58.0,0.04,0.0,3.8,426.3333333333333
0.23224043715846995,0.4827430555555556,40.807701110839844,-73.94518280029297,40.7800178527832,-73.96102142333984,6.0,6.0,3354.5938739091525,1.0,0.0,1.0,58.0,0.04,0.0,3.8,1655.96
0.1830601092896175,0.8967939814814815,40.679962158203125,-73.968017578125,40.67401123046875,-73.96538543701172,0.0,0.0,697.9497348187427,1.0,0.0,1.0,48.0,0.0,0.0,7.9,225.54330708661416
0.1830601092896175,0.30699074074074073,40.87452697753906,-73.91026306152344,40.86827087402344,-73.91942596435547,5.0,5.0,1038.034153827497,1.0,1.0,1.0,48.0,0.0,0.0,7.9,1555.0
0.1830601092896175,0.93625,40.66865539550781,-73.98005676269531,40.67172622680664,-73.95750427246094,0.0,3.0,1932.4480999142197,1.0,0.0,1.0,48.0,0.0,0.0,7.9,508.3333333333333
0.4672131147540984,0.7963541666666667,40.8176155090332,-73.9532241821289,40.80441665649414,-73.95563507080078,6.0,6.0,1481.604445510351,0.0,0.0,1.0,77.0,0.0,0.0,3.0,1099.972972972973
0.4672131147540984,0.6831134259259259,40.765384674072266,-73.91389465332031,40.75253677368164,-73.91704559326172,8.0,8.0,1453.062764095515,0.0,0.0,1.0,77.0,0.0,0.0,3.0,2665.0
0.4672131147540984,0.18784722222222222,40.707218170166016,-73.93147277832031,40.70704650878906,-73.9236831665039,3.0,3.0,656.8767405362647,0.0,0.0,1.0,77.0,0.0,0.0,3.0,2915.0
0.4672131147540984,0.3859606481481481,40.69328308105469,-73.97225952148438,40.696861267089844,-73.93582153320312,0.0,3.0,3097.6337061741956,0.0,0.0,1.0,77.0,0.0,0.0,3.0,2678.0
0.4672131147540984,0.45385416666666667,40.761680603027344,-73.92549133300781,40.75523376464844,-73.92984008789062,8.0,8.0,805.0117964466249,0.0,0.0,1.0,77.0,0.0,0.0,3.0,3509.0
0.4672131147540984,0.5191087962962962,40.68672561645508,-73.9840087890625,40.67483139038086,-73.98812103271484,0.0,0.0,1367.2810436666039,0.0,0.0,1.0,77.0,0.0,0.0,3.0,712.0
0.4672131147540984,0.35410879629629627,40.73042678833008,-73.86214447021484,40.7056770324707,-73.81021118164062,8.0,2.0,5170.1414675295355,0.0,0.0,1.0,77.0,0.0,0.0,3.0,1027.5833333333333
0.4672131147540984,0.5247453703703704,40.84153366088867,-73.9395523071289,40.7581672668457,-73.99136352539062,5.0,4.0,10244.56776901476,0.0,0.0,1.0,77.0,0.0,0.0,3.0,1536.811320754717
0.10109289617486339,0.6039583333333334,40.68693923950195,-73.99026489257812,40.71409225463867,-73.99019622802734,0.0,4.0,3019.2830467009503,0.0,0.0,1.0,35.0,0.0,0.0,5.6,901.0
0.10109289617486339,0.28945601851851854,40.67108154296875,-73.98466491699219,40.65575408935547,-73.94400024414062,0.0,3.0,3830.0468868616426,0.0,0.0,1.0,35.0,0.0,0.0,5.6,1404.25
0.10109289617486339,0.5231018518518519,40.804931640625,-73.93892669677734,40.80585861206055,-73.95958709716797,6.0,6.0,1741.9795560763616,0.0,0.0,1.0,35.0,0.0,0.0,5.6,1655.96
0.10109289617486339,0.7020023148148148,40.72492218017578,-73.85011291503906,40.730445861816406,-73.86248779296875,2.0,8.0,1210.2199388318425,0.0,0.0,1.0,35.0,0.0,0.0,5.6,770.244769874477
0.10109289617486339,0.0025810185185185185,40.654422760009766,-74.00428009033203,40.820411682128906,-73.95372772216797,0.0,6.0,18942.175733697888,0.0,0.0,1.0,35.0,0.0,0.0,5.6,1404.25
0.10109289617486339,0.8186342592592593,40.734161376953125,-73.86975860595703,40.72880554199219,-73.87693786621094,8.0,8.0,848.8879529396264,0.0,0.0,3.0,35.0,0.0,0.0,5.6,2665.0
0.10109289617486339,0.09206018518518519,40.759368896484375,-73.83049774169922,40.74290466308594,-73.82284545898438,2.0,2.0,1940.9048622584519,0.0,0.0,1.0,35.0,0.0,0.0,5.6,426.3333333333333
0.10109289617486339,0.45599537037037036,40.69036102294922,-73.96046447753906,40.68986129760742,-73.98088073730469,3.0,0.0,1722.2569324758442,0.0,0.0,1.0,35.0,0.0,0.0,5.6,1083.8434782608695
0.10109289617486339,0.8771064814814815,40.820953369140625,-73.94320678710938,40.80146789550781,-73.95755767822266,6.0,6.0,2480.5706682843006,0.0,0.0,1.0,35.0,0.0,0.0,5.6,1099.972972972973
0.3989071038251366,0.7987268518518519,40.72073745727539,-73.9546127319336,40.72102355957031,-73.98792266845703,4.0,4.0,2807.350512098766,1.0,1.0,1.0,74.0,0.0,0.0,4.3,1181.421052631579
0.3989071038251366,0.4681134259259259,40.737709045410156,-73.88338470458984,40.728694915771484,-73.8653564453125,8.0,8.0,1819.9257146984075,1.0,0.0,1.0,74.0,0.0,0.0,4.3,3509.0
0.3989071038251366,0.6936921296296297,40.690914154052734,-73.9877700805664,40.686073303222656,-73.95175170898438,0.0,3.0,3084.2329388035114,1.0,1.0,1.0,74.0,0.0,0.0,4.3,901.0
0.3989071038251366,0.3173148148148148,40.777549743652344,-73.92045593261719,40.758548736572266,-73.97372436523438,6.0,4.0,4958.624829108907,1.0,1.0,1.0,74.0,0.0,0.0,4.3,1555.0
0.3251366120218579,0.9363888888888889,40.67969512939453,-73.93711853027344,40.67213821411133,-73.91968536376953,3.0,3.0,1693.3565511985428,1.0,0.0,3.0,54.0,0.0,0.0,4.6,1316.25
0.3251366120218579,0.7986574074074074,40.681217193603516,-73.95576477050781,40.64518737792969,-73.94310760498047,3.0,3.0,4146.138500144119,1.0,1.0,1.0,54.0,0.0,0.0,4.6,1143.625
0.3251366120218579,0.38384259259259257,40.82561111450195,-73.93994140625,40.74687194824219,-74.00774383544922,6.0,4.0,10451.91723910686,1.0,1.0,1.0,54.0,0.0,0.0,4.6,1819.1950464396284
0.3251366120218579,0.7803356481481482,40.80646896362305,-73.95006561279297,40.81278610229492,-73.93793487548828,6.0,6.0,1239.2502738018277,1.0,1.0,1.0,54.0,0.0,0.0,4.6,1099.972972972973
0.3251366120218579,0.9589814814814814,40.71692657470703,-73.9632568359375,40.71699905395508,-73.99848175048828,4.0,4.0,2968.739254565942,1.0,0.0,1.0,54.0,0.0,0.0,4.6,970.8459770114943
0.3251366120218579,0.34577546296296297,40.721336364746094,-73.8442611694336,40.71925735473633,-73.86811828613281,2.0,8.0,2023.8052091142015,1.0,1.0,1.0,54.0,0.0,0.0,4.6,770.244769874477
0.3251366120218579,0.7242013888888889,40.70243835449219,-73.98686981201172,40.67877960205078,-73.97398376464844,0.0,0.0,2846.250778655163,1.0,1.0,1.0,54.0,0.0,0.0,4.6,901.0
0.3251366120218579,0.7612962962962962,40.726348876953125,-73.94871520996094,40.69625473022461,-73.93278503417969,4.0,3.0,3605.6439594818016,1.0,1.0,1.0,54.0,0.0,0.0,4.6,1454.2307692307693
0.20765027322404372,0.7925810185185185,40.6894645690918,-73.92255401611328,40.69163513183594,-73.92998504638672,3.0,3.0,671.4105817942276,1.0,1.0,1.0,56.0,0.02,0.0,3.6,1383.3846153846155
0.20765027322404372,0.5871296296296297,40.80531692504883,-73.93923950195312,40.82094955444336,-73.9310302734375,6.0,6.0,1870.5283982026046,1.0,0.0,1.0,56.0,0.02,0.0,3.6,1135.3505154639174
0.20765027322404372,0.7753935185185186,40.65439224243164,-74.00733184814453,40.67778015136719,-73.98399353027344,0.0,0.0,3261.587686852379,1.0,1.0,1.0,56.0,0.02,0.0,3.6,1260.0
0.20765027322404372,0.32083333333333336,40.79471206665039,-73.94468688964844,40.762882232666016,-73.96784973144531,6.0,4.0,4041.1077530320845,1.0,1.0,1.0,56.0,0.02,0.0,3.6,1439.9454545454546
0.20765027322404372,0.9524768518518518,40.68011474609375,-73.94413757324219,40.681922912597656,-73.89348602294922,3.0,3.0,4275.906730783884,1.0,0.0,1.0,56.0,0.02,0.0,3.6,970.8459770114943
0.20765027322404372,0.47324074074074074,40.66075134277344,-73.96086883544922,40.7503547668457,-73.99471282958984,0.0,4.0,10363.826211701324,1.0,0.0,1.0,56.0,0.02,0.0,3.6,869.75
0.29508196721311475,0.9634490740740741,40.80146026611328,-73.95022583007812,40.80244827270508,-73.96408081054688,6.0,6.0,1171.3582300984392,0.0,0.0,1.0,60.0,0.0,0.0,2.8,1407.4660633484164
0.29508196721311475,0.6131712962962963,40.85209274291992,-73.88595581054688,40.83280563354492,-73.91651153564453,5.0,5.0,3347.5577872581366,0.0,0.0,1.0,60.0,0.0,0.0,2.8,1135.3505154639174
0.29508196721311475,0.9806365740740741,40.78994369506836,-73.95227813720703,40.798683166503906,-73.94790649414062,6.0,6.0,1039.1330053988358,0.0,0.0,2.0,60.0,0.0,0.0,2.8,2675.0
0.29508196721311475,0.423599537037037,40.80893325805664,-73.94813537597656,40.817771911621094,-73.95350646972656,6.0,6.0,1081.7764514536384,0.0,0.0,2.0,60.0,0.0,0.0,2.8,1655.96
0.29508196721311475,0.9579976851851851,40.710384368896484,-73.9643325805664,40.80607223510742,-73.94791412353516,4.0,6.0,10729.493525839016,0.0,0.0,1.0,60.0,0.0,0.0,2.8,970.8459770114943
0.29508196721311475,0.6423611111111112,40.82273483276367,-73.94209289550781,40.81132125854492,-73.94015502929688,6.0,6.0,1279.5658249125179,0.0,0.0,1.0,60.0,0.0,0.0,2.8,1655.96
0.3551912568306011,0.7581018518518519,40.74581527709961,-73.90357971191406,40.723594665527344,-73.8942642211914,8.0,8.0,2592.490083185219,1.0,1.0,1.0,62.0,0.0,0.0,5.1,2665.0
0.3551912568306011,0.5938425925925926,40.80869674682617,-73.95234680175781,40.80130386352539,-73.95232391357422,6.0,6.0,822.0533730235279,1.0,0.0,1.0,62.0,0.0,0.0,5.1,1655.96
0.3551912568306011,0.6470023148148148,40.74571228027344,-73.90328216552734,40.75955581665039,-73.91856384277344,8.0,8.0,2006.6191190960021,1.0,0.0,1.0,62.0,0.0,0.0,5.1,2665.0
0.3551912568306011,0.19930555555555557,40.747955322265625,-73.8852767944336,40.75352096557617,-73.85856628417969,8.0,8.0,2333.5584052018903,1.0,0.0,1.0,62.0,0.0,0.0,5.1,3160.0
0.1448087431693989,0.763287037037037,40.71259689331055,-73.9625473022461,40.77045440673828,-73.86495208740234,4.0,8.0,10440.027372842676,1.0,1.0,1.0,45.0,0.0,0.0,5.2,2149.3333333333335
0.1448087431693989,0.2903703703703704,40.765567779541016,-73.9184799194336,40.772239685058594,-73.92739868164062,8.0,6.0,1055.7033067466493,1.0,1.0,1.0,45.0,0.0,0.0,5.2,3294.0
0.1448087431693989,0.5786921296296297,40.68949508666992,-73.9925765991211,40.68680191040039,-73.97572326660156,0.0,0.0,1452.2130517805765,1.0,0.0,1.0,45.0,0.0,0.0,5.2,508.3333333333333
0.1448087431693989,0.3539467592592593,40.69349670410156,-73.96546936035156,40.69242477416992,-73.99111938476562,0.0,0.0,2165.825574540339,1.0,1.0,1.0,45.0,0.0,0.0,5.2,508.3333333333333
0.11475409836065574,0.7917939814814815,40.81293487548828,-73.95597076416016,40.7971076965332,-73.93807220458984,6.0,6.0,2316.621588638323,1.0,1.0,1.0,24.0,0.0,0.0,10.1,1099.972972972973
0.11475409836065574,0.5509837962962963,40.75405502319336,-73.92941284179688,40.75352478027344,-73.90406036376953,8.0,8.0,2136.3184344219967,1.0,0.0,1.0,24.0,0.0,0.0,10.1,2665.0
0.11475409836065574,0.5369328703703704,40.7493782043457,-73.86952209472656,40.75580978393555,-73.8648452758789,8.0,8.0,816.4846253880377,1.0,0.0,1.0,24.0,0.0,0.0,10.1,2665.0
0.11475409836065574,0.9235648148148148,40.75626754760742,-73.91321563720703,40.767269134521484,-73.92213439941406,8.0,8.0,1435.533020645033,1.0,0.0,1.0,24.0,0.0,0.0,10.1,2665.0
0.11475409836065574,0.7395486111111111,40.74555969238281,-73.9034423828125,40.72803497314453,-73.89976501464844,8.0,8.0,1973.1375956999232,1.0,1.0,1.0,24.0,0.0,0.0,10.1,2665.0
0.11475409836065574,0.5393634259259259,40.743770599365234,-73.92628479003906,40.76762771606445,-73.91323852539062,8.0,8.0,2871.3852782155127,1.0,0.0,1.0,24.0,0.0,0.0,10.1,2665.0
0.2540983606557377,0.7061458333333334,40.675540924072266,-73.95626831054688,40.679298400878906,-73.9738998413086,3.0,0.0,1544.4422538129165,0.0,0.0,1.0,55.0,0.16,0.0,5.0,1083.8434782608695
0.2540983606557377,0.004178240740740741,40.71734619140625,-73.95828247070312,40.743316650390625,-73.89080047607422,4.0,8.0,6377.461573652492,0.0,0.0,1.0,55.0,0.16,0.0,5.0,1022.3559322033898
0.2540983606557377,0.9990162037037037,40.71417236328125,-73.96143341064453,40.67982864379883,-73.96246337890625,4.0,0.0,3819.8343419265652,0.0,0.0,1.0,55.0,0.16,0.0,5.0,970.8459770114943
0.2540983606557377,0.9815393518518518,40.85087203979492,-73.9381103515625,40.858341217041016,-73.92906951904297,5.0,5.0,1126.0375265870573,0.0,0.0,1.0,55.0,0.16,0.0,5.0,2675.0
0.2540983606557377,0.9650347222222222,40.65412902832031,-73.97460174560547,40.744964599609375,-73.94416809082031,0.0,4.0,10421.201321454928,0.0,0.0,2.0,55.0,0.16,0.0,5.0,1260.0
0.2540983606557377,0.10567129629629629,40.683597564697266,-73.95352935791016,40.699249267578125,-73.91230010986328,3.0,3.0,3887.446281746079,0.0,0.0,1.0,55.0,0.16,0.0,5.0,855.2125
0.2540983606557377,0.6224074074074074,40.745750427246094,-73.94548797607422,40.746490478515625,-73.91899871826172,4.0,8.0,2233.0326708193184,0.0,0.0,1.0,55.0,0.16,0.0,5.0,1075.933734939759
0.2540983606557377,0.5763425925925926,40.68297576904297,-73.9644775390625,40.70047378540039,-73.98036193847656,0.0,0.0,2362.044634292834,0.0,0.0,1.0,55.0,0.16,0.0,5.0,1404.25
0.2540983606557377,0.6765856481481481,40.768375396728516,-73.89552307128906,40.78765106201172,-73.97657012939453,8.0,6.0,7152.988311072721,0.0,0.0,1.0,55.0,0.16,0.0,5.0,2145.5263157894738
0.2540983606557377,0.749837962962963,40.714176177978516,-73.9555892944336,40.71916580200195,-73.85601806640625,4.0,2.0,8410.142105859388,0.0,0.0,1.0,55.0,0.16,0.0,5.0,1083.8434782608695
0.16666666666666666,0.8159259259259259,40.83561325073242,-73.92333221435547,40.83759689331055,-73.92414855957031,5.0,5.0,231.01539317254088,1.0,1.0,2.0,46.0,0.0,0.0,7.5,2675.0
0.16666666666666666,0.37005787037037036,40.796443939208984,-73.94955444335938,40.7650146484375,-73.97457122802734,6.0,4.0,4080.475801813509,1.0,1.0,1.0,46.0,0.0,0.0,7.5,1655.96
0.16666666666666666,0.057256944444444444,40.75925827026367,-73.8299331665039,40.752777099609375,-73.7551498413086,2.0,2.0,6340.0734710942315,1.0,0.0,1.0,46.0,0.0,0.0,7.5,492.3333333333333
0.16666666666666666,0.5715625,40.80453872680664,-73.9376220703125,40.811153411865234,-73.95333099365234,6.0,6.0,1512.9467773495296,1.0,0.0,1.0,46.0,0.0,0.0,7.5,1655.96
0.16666666666666666,0.34172453703703703,40.68817901611328,-73.97906494140625,40.7744026184082,-73.87287902832031,0.0,8.0,13114.01395703994,1.0,1.0,5.0,46.0,0.0,0.0,7.5,3554.0
0.16666666666666666,0.5573148148148148,40.84080123901367,-73.94305419921875,40.7732048034668,-73.88558959960938,6.0,8.0,8937.999624940026,1.0,0.0,1.0,46.0,0.0,0.0,7.5,1135.3505154639174
0.16666666666666666,0.7738310185185185,40.702457427978516,-73.98757934570312,40.67744445800781,-73.96366119384766,0.0,0.0,3435.472960765872,1.0,1.0,1.0,46.0,0.0,0.0,7.5,901.0
0.22131147540983606,0.5621296296296296,40.79560089111328,-73.94178009033203,40.7961540222168,-73.93529510498047,6.0,6.0,549.3550255337235,1.0,0.0,1.0,41.0,0.06,0.5,8.0,1655.96
0.22131147540983606,0.34582175925925923,40.67892074584961,-73.97552490234375,40.75139617919922,-73.99349212646484,0.0,4.0,8199.938147406681,1.0,1.0,1.0,41.0,0.06,0.5,8.0,1404.25
0.22131147540983606,0.35528935185185184,40.7540283203125,-73.94252014160156,40.726776123046875,-73.9866943359375,4.0,4.0,4799.3200416630225,1.0,1.0,4.0,41.0,0.06,0.5,8.0,1454.2307692307693
0.22131147540983606,0.8183564814814814,40.86033630371094,-73.92818450927734,40.870548248291016,-73.88986206054688,5.0,5.0,3416.777118706592,1.0,1.0,1.0,41.0,0.06,0.5,8.0,1028.3731343283582
0.12568306010928962,0.9365509259259259,40.80537414550781,-73.93910217285156,40.78728485107422,-73.94486236572266,6.0,6.0,2069.0567035736035,1.0,0.0,6.0,24.0,0.44,1.4,5.4,1407.4660633484164
0.12568306010928962,0.890162037037037,40.71602249145508,-73.96214294433594,40.708858489990234,-73.95049285888672,4.0,3.0,1264.4179761135752,1.0,0.0,1.0,24.0,0.44,1.4,5.4,2910.5
0.12568306010928962,0.9994212962962963,40.71678924560547,-73.95674896240234,40.6860466003418,-73.938720703125,4.0,3.0,3741.0312327471124,1.0,0.0,1.0,24.0,0.44,1.4,5.4,970.8459770114943
0.12568306010928962,0.9345023148148148,40.78608322143555,-73.95117950439453,40.75530242919922,-73.97161865234375,6.0,4.0,3831.0833685363023,1.0,0.0,1.0,24.0,0.44,1.4,5.4,1407.4660633484164
0.31420765027322406,0.09689814814814815,40.764076232910156,-73.91488647460938,40.76125717163086,-73.9351577758789,8.0,6.0,1735.8144922772885,0.0,0.0,5.0,58.0,0.0,0.0,5.9,3294.0
0.31420765027322406,0.6340509259259259,40.691898345947266,-73.98737335205078,40.69593811035156,-73.97535705566406,0.0,0.0,1108.1975961281603,0.0,0.0,1.0,58.0,0.0,0.0,5.9,225.54330708661416
0.31420765027322406,0.21630787037037036,40.747684478759766,-73.88548278808594,40.69608688354492,-73.90473175048828,8.0,3.0,5962.304744859519,0.0,0.0,1.0,58.0,0.0,0.0,5.9,1027.5833333333333
0.31420765027322406,0.1982523148148148,40.71763229370117,-73.96014404296875,40.719017028808594,-73.95384216308594,4.0,4.0,552.9762630710496,0.0,0.0,2.0,58.0,0.0,0.0,5.9,2915.0
0.31420765027322406,0.683587962962963,40.72907257080078,-73.95748901367188,40.62260055541992,-74.0313949584961,4.0,0.0,13379.476644255186,0.0,0.0,1.0,58.0,0.0,0.0,5.9,1083.8434782608695
0.31420765027322406,0.5645717592592593,40.668819427490234,-73.9854965209961,40.72866439819336,-73.98458099365234,0.0,4.0,6654.904397913992,0.0,0.0,1.0,58.0,0.0,0.0,5.9,1404.25
0.31420765027322406,0.9246064814814815,40.68246078491211,-73.9251708984375,40.68632125854492,-73.93003845214844,3.0,3.0,593.9063993021972,0.0,0.0,1.0,58.0,0.0,0.0,5.9,1316.25
0.3797814207650273,0.8952662037037037,40.70264434814453,-73.99047088623047,40.67416000366211,-73.94574737548828,0.0,3.0,4924.572023998772,1.0,0.0,3.0,60.0,0.0,0.0,0.0,901.0
0.3797814207650273,0.739537037037037,40.71771240234375,-73.95787048339844,40.71060562133789,-73.954345703125,4.0,3.0,844.2343089561981,1.0,1.0,1.0,60.0,0.0,0.0,0.0,1454.2307692307693
0.3797814207650273,0.9094328703703703,40.67900848388672,-73.97868347167969,40.62432098388672,-73.99871063232422,0.0,0.0,6311.317448488036,1.0,0.0,1.0,60.0,0.0,0.0,0.0,901.0
0.07377049180327869,0.5926041666666667,40.759098052978516,-73.91912841796875,40.73704528808594,-73.88629913330078,8.0,8.0,3696.1114919295956,1.0,0.0,6.0,40.0,0.0,0.0,6.6,1416.1724137931035
0.07377049180327869,0.43203703703703705,40.83265686035156,-73.90496826171875,40.845340728759766,-73.89105987548828,5.0,5.0,1832.5289396567719,1.0,0.0,1.0,40.0,0.0,0.0,6.6,1135.3505154639174
0.07377049180327869,0.9194212962962963,40.68269729614258,-73.96288299560547,40.676002502441406,-73.98380279541016,0.0,0.0,1914.7378748842268,1.0,0.0,1.0,40.0,0.0,0.0,6.6,508.3333333333333
0.33879781420765026,0.9911574074074074,40.71403121948242,-73.95591735839844,40.671531677246094,-73.96100616455078,4.0,0.0,4745.168919113149,1.0,0.0,1.0,54.0,0.61,0.0,6.0,970.8459770114943
0.226775956284153,0.38731481481481483,40.807437896728516,-73.96065521240234,40.84160614013672,-73.94147491455078,6.0,5.0,4127.902130471627,1.0,1.0,1.0,60.0,0.0,0.0,6.1,1655.96
0.226775956284153,0.3743634259259259,40.79130554199219,-73.95320129394531,40.757110595703125,-73.97824096679688,6.0,4.0,4347.795581425913,1.0,1.0,1.0,60.0,0.0,0.0,6.1,1819.1950464396284
0.226775956284153,0.5604282407407407,40.68233871459961,-73.99834442138672,40.73529052734375,-73.989990234375,0.0,4.0,5929.930756029453,1.0,0.0,1.0,60.0,0.0,0.0,6.1,1404.25
0.226775956284153,0.020578703703703703,40.85642623901367,-73.93280029296875,40.84554672241211,-73.93866729736328,5.0,5.0,1306.5222205344242,1.0,0.0,1.0,60.0,0.0,0.0,6.1,793.625
0.226775956284153,0.7888194444444444,40.73295593261719,-73.9560775756836,40.71797561645508,-73.95783996582031,4.0,4.0,1672.3426601698675,1.0,1.0,1.0,60.0,0.0,0.0,6.1,1181.421052631579
0.226775956284153,0.9084722222222222,40.711971282958984,-73.9422378540039,40.68367385864258,-73.96591186523438,3.0,0.0,3726.106704663938,1.0,0.0,1.0,60.0,0.0,0.0,6.1,970.8459770114943
0.226775956284153,0.7215972222222222,40.790916442871094,-73.95381164550781,40.781524658203125,-73.95629119873047,6.0,6.0,1064.9795119930895,1.0,1.0,1.0,60.0,0.0,0.0,6.1,1655.96
0.03825136612021858,0.40121527777777777,40.80522155761719,-73.93922424316406,40.789710998535156,-73.96622467041016,6.0,6.0,2853.1192409920372,1.0,1.0,1.0,30.0,0.0,0.0,4.8,1655.96
0.03825136612021858,0.9846759259259259,40.75585174560547,-73.9284439086914,40.754085540771484,-73.9207992553711,8.0,8.0,673.2012489954789,1.0,0.0,1.0,30.0,0.0,0.0,4.8,2665.0
0.03825136612021858,0.2861226851851852,40.68934631347656,-73.99488067626953,40.70298385620117,-74.01429748535156,0.0,0.0,2231.3973739244384,1.0,1.0,1.0,30.0,0.0,0.0,4.8,508.3333333333333
0.03825136612021858,0.9911921296296297,40.81113052368164,-73.94307708740234,40.85171890258789,-73.908203125,6.0,5.0,5383.127218359696,1.0,0.0,1.0,30.0,0.0,0.0,4.8,1099.972972972973
0.03825136612021858,0.7570833333333333,40.663246154785156,-73.92650604248047,40.61093521118164,-73.920654296875,3.0,3.0,5837.631475263775,1.0,1.0,1.0,30.0,0.0,0.0,4.8,1383.3846153846155
0.03825136612021858,0.01574074074074074,40.702735900878906,-73.91680145263672,40.67170715332031,-73.98424530029297,3.0,0.0,6651.478921128295,1.0,0.0,1.0,30.0,0.0,0.0,4.8,855.2125
0.03825136612021858,0.9097106481481482,40.80503463745117,-73.93899536132812,40.78962707519531,-73.9753646850586,6.0,6.0,3508.2515171353625,1.0,0.0,1.0,30.0,0.0,0.0,4.8,1407.4660633484164
0.17759562841530055,0.8577546296296297,40.790611267089844,-73.95386505126953,40.76163864135742,-73.95891571044922,6.0,4.0,3249.5589531440487,0.0,0.0,1.0,34.0,0.0,0.0,4.3,1407.4660633484164
0.17759562841530055,0.525625,40.7465705871582,-73.95623779296875,40.763038635253906,-73.96807861328125,4.0,4.0,2085.1622347305893,0.0,0.0,1.0,34.0,0.0,0.0,4.3,1083.8434782608695
0.17759562841530055,0.8532523148148148,40.68450927734375,-73.97870635986328,40.68072509765625,-73.98082733154297,0.0,0.0,457.2122513964958,0.0,0.0,3.0,34.0,0.0,0.0,4.3,225.54330708661416
0.17759562841530055,0.9659837962962963,40.81005859375,-73.95843505859375,40.804046630859375,-73.963134765625,6.0,6.0,776.7577855684071,0.0,0.0,1.0,34.0,0.0,0.0,4.3,2675.0
0.17759562841530055,0.8810069444444445,40.71703338623047,-73.95857238769531,40.73772048950195,-73.95581817626953,4.0,4.0,2311.979334884648,0.0,0.0,1.0,34.0,0.0,0.0,4.3,970.8459770114943
0.17759562841530055,0.9797453703703703,40.67348861694336,-73.98271942138672,40.683631896972656,-73.99060821533203,0.0,0.0,1309.4528609534082,0.0,0.0,6.0,34.0,0.0,0.0,4.3,225.54330708661416
0.17759562841530055,0.10802083333333333,40.707611083984375,-73.93981170654297,40.69404602050781,-73.9057846069336,3.0,3.0,3240.879809316083,0.0,0.0,1.0,34.0,0.0,0.0,4.3,855.2125
0.09562841530054644,0.8373032407407407,40.80950927734375,-73.94969177246094,40.81249237060547,-73.9486083984375,6.0,6.0,344.0077194973855,1.0,0.0,1.0,52.0,0.0,0.0,5.7,2675.0
0.09562841530054644,0.49951388888888887,40.66447830200195,-73.98348999023438,40.67513656616211,-73.97491455078125,0.0,0.0,1388.3979714123625,1.0,0.0,1.0,52.0,0.0,0.0,5.7,508.3333333333333
0.09562841530054644,0.8159606481481482,40.797813415527344,-73.94009399414062,40.79310989379883,-73.94564056396484,6.0,6.0,701.0998995544878,1.0,1.0,1.0,52.0,0.0,0.0,5.7,2675.0
0.3743169398907104,0.8963773148148149,40.74557876586914,-73.903564453125,40.75543975830078,-73.92713165283203,8.0,8.0,2267.908669257114,1.0,0.0,1.0,54.0,0.0,0.0,0.0,2665.0
0.3743169398907104,0.6944328703703704,40.757568359375,-73.93153381347656,40.76707077026367,-73.92999267578125,8.0,6.0,1064.5623156955708,1.0,1.0,1.0,54.0,0.0,0.0,0.0,2665.0
0.3743169398907104,0.7972569444444444,40.8052978515625,-73.9391098022461,40.7702751159668,-73.95808410644531,6.0,6.0,4209.248190059592,1.0,1.0,1.0,54.0,0.0,0.0,0.0,1407.4660633484164
0.3743169398907104,0.7206018518518519,40.78551483154297,-73.94978332519531,40.78852844238281,-73.97089385986328,6.0,6.0,1808.6200486301398,1.0,1.0,1.0,54.0,0.0,0.0,0.0,1655.96
0.4808743169398907,0.20700231481481482,40.74695587158203,-73.89104461669922,40.7672233581543,-73.90898132324219,8.0,8.0,2713.1821131925312,1.0,0.0,1.0,76.0,0.0,0.0,6.2,3160.0
0.4808743169398907,0.04747685185185185,40.77608108520508,-73.91063690185547,40.78273010253906,-73.91522216796875,8.0,8.0,834.072493102439,1.0,0.0,1.0,76.0,0.0,0.0,6.2,3160.0
0.4808743169398907,0.6350347222222222,40.67116165161133,-73.94178009033203,40.66801834106445,-73.91609954833984,3.0,3.0,2193.8962662915287,1.0,0.0,1.0,76.0,0.0,0.0,6.2,1075.933734939759
0.4808743169398907,0.9019444444444444,40.67976379394531,-73.9495620727539,40.682708740234375,-73.91607666015625,3.0,3.0,2842.5632696714674,1.0,0.0,5.0,76.0,0.0,0.0,6.2,970.8459770114943
0.4808743169398907,0.8515277777777778,40.80970001220703,-73.9476318359375,40.8244743347168,-73.93758392333984,6.0,6.0,1847.6615578882202,1.0,0.0,1.0,76.0,0.0,0.0,6.2,1099.972972972973
0.04918032786885246,0.993912037037037,40.81840515136719,-73.9532699584961,40.764686584472656,-73.9471435546875,6.0,4.0,5995.456343480526,1.0,0.0,1.0,24.0,0.0,0.0,11.8,1099.972972972973
0.04918032786885246,0.9615393518518518,40.81471633911133,-73.94053649902344,40.81711196899414,-73.95365142822266,6.0,6.0,1135.3633810025958,1.0,0.0,1.0,24.0,0.0,0.0,11.8,2272.0
0.04918032786885246,0.5817013888888889,40.732181549072266,-73.86672973632812,40.7031135559082,-73.90727233886719,8.0,3.0,4703.419988597269,1.0,0.0,1.0,24.0,0.0,0.0,11.8,1416.1724137931035
0.1366120218579235,0.012858796296296297,40.72163772583008,-73.84381866455078,40.73080825805664,-73.84842681884766,2.0,2.0,1091.1519779961097,1.0,0.0,1.0,32.0,0.0,0.0,5.3,426.3333333333333
0.1366120218579235,0.9557523148148148,40.78981399536133,-73.95236206054688,40.799015045166016,-73.95178985595703,6.0,6.0,1024.243341537217,1.0,0.0,1.0,32.0,0.0,0.0,5.3,2675.0
0.1366120218579235,0.7229398148148148,40.80819320678711,-73.96388244628906,40.802093505859375,-73.96795654296875,6.0,6.0,760.0103808705417,1.0,1.0,1.0,32.0,0.0,0.0,5.3,1655.96
0.1366120218579235,0.6771180555555556,40.83441162109375,-73.863037109375,40.82878875732422,-73.87797546386719,5.0,5.0,1403.7521016615037,1.0,1.0,1.0,32.0,0.0,0.0,5.3,1135.3505154639174
0.1366120218579235,0.6087847222222222,40.81550979614258,-73.93970489501953,40.816322326660156,-73.91451263427734,6.0,5.0,2121.949376959519,1.0,0.0,1.0,32.0,0.0,0.0,5.3,1135.3505154639174
0.1366120218579235,0.6750925925925926,40.73693084716797,-73.87744903564453,40.744869232177734,-73.88700866699219,8.0,8.0,1194.91602948526,1.0,1.0,1.0,32.0,0.0,0.0,5.3,2665.0
0.1366120218579235,0.7291898148148148,40.7328987121582,-73.86380767822266,40.862083435058594,-73.92729949951172,8.0,5.0,15326.721751167901,1.0,1.0,1.0,32.0,0.0,0.0,5.3,1629.65625
0.1366120218579235,0.9487384259259259,40.8099365234375,-73.93754577636719,40.81686019897461,-73.9454116821289,6.0,6.0,1015.3409901964161,1.0,0.0,1.0,32.0,0.0,0.0,5.3,2675.0
