0.6639344262295082,0.38524305555555555,446.0,40.74487634,-73.99529885,545.0,40.736502,-73.97809472,6.0,7.0,1722.7774522673344,1.0,1.0,1964.0,1.0,78.0,0.0,0.0,3.2,733.5054432348367
0.6010928961748634,0.33921296296296294,511.0,40.72938685,-73.97772429,174.0,40.7381765,-73.97738662,7.0,1.0,977.7785123399706,0.0,0.0,1958.0,1.0,78.0,0.0,0.0,4.0,417.019801980198
0.6010928961748634,0.48032407407407407,257.0,40.71939226,-74.00247214,329.0,40.72015227023285,-74.01036500930786,0.0,0.0,670.5236751470185,0.0,0.0,1993.0,1.0,78.0,0.0,0.0,4.0,322.4990723562152
0.6010928961748634,0.6069791666666666,3255.0,40.7505853470215,-73.9946848154068,238.0,40.7361967,-74.00859207,2.0,6.0,1983.0614476908274,0.0,0.0,1985.0,1.0,78.0,0.0,0.0,4.0,853.9102870813397
0.8032786885245902,0.37342592592592594,509.0,40.7454973,-74.00197139,435.0,40.74173969,-73.99415556,6.0,6.0,779.8292328620099,1.0,1.0,1965.0,1.0,66.0,0.0,0.0,6.3,322.4990723562152
0.8032786885245902,0.7864236111111111,498.0,40.74854862,-73.98808416,253.0,40.73543934,-73.99453948,2.0,6.0,1555.832214284375,1.0,1.0,1984.0,2.0,66.0,0.0,0.0,6.3,619.3971088435375
0.953551912568306,0.7143402777777778,484.0,40.75500254,-73.98014437,501.0,40.744219,-73.97121214,1.0,1.0,1415.6040177002683,1.0,1.0,1963.0,2.0,38.0,0.0,0.0,5.5,619.3971088435375
0.09016393442622951,0.3176967592592593,363.0,40.70834698,-74.01713445,386.0,40.71494807,-74.00234482,0.0,0.0,1446.6078209509901,1.0,1.0,1954.0,1.0,44.0,0.0,0.0,3.5,522.2016806722689
0.04371584699453552,0.605,459.0,40.746745,-74.007756,328.0,40.72405549,-74.00965965,6.0,0.0,2528.0516493066143,0.0,0.0,1987.0,1.0,47.0,0.24,0.0,6.7,996.0875486381323
0.9098360655737705,0.7320023148148148,305.0,40.76095756,-73.96724467,3176.0,40.77452835,-73.98753759,1.0,2.0,2279.8367534034364,1.0,1.0,1982.0,1.0,45.0,0.0,0.0,3.4,853.9102870813397
0.9098360655737705,0.8486805555555555,3140.0,40.77140426,-73.9535166,3285.0,40.78839,-73.9747,5.0,5.0,2597.8135957405625,1.0,0.0,1963.0,1.0,45.0,0.0,0.0,3.4,996.0875486381323
0.40437158469945356,0.6348032407407408,402.0,40.7403432,-73.98955109,347.0,40.728846,-74.008591,6.0,6.0,2051.336605910477,1.0,0.0,1961.0,1.0,80.0,0.0,0.0,3.8,853.9102870813397
