0.5710382513661202,0.3665509259259259,382.0,40.73492695,-73.99200509,491.0,40.74096374,-73.98602213,6.0,6.0,839.456638009593,1.0,1.0,1992.0,1.0,82.0,0.0,0.0,2.1,417.019801980198
0.5710382513661202,0.3842939814814815,127.0,40.73172428,-74.00674436,410.0,40.72066442,-73.98517977,6.0,7.0,2194.220973871383,1.0,1.0,1986.0,1.0,82.0,0.0,0.0,2.1,853.9102870813397
0.5710382513661202,0.7699305555555556,336.0,40.73047747,-73.99906065,229.0,40.72743423,-73.99379025,6.0,7.0,558.3360351114035,1.0,1.0,1955.0,2.0,82.0,0.0,0.0,2.1,456.52941176470586
0.5710382513661202,0.7835648148148148,347.0,40.728846,-74.008591,2008.0,40.70569254,-74.01677685,6.0,0.0,2665.379368623634,1.0,1.0,1986.0,1.0,82.0,0.0,0.0,2.1,996.0875486381323
0.5710382513661202,0.8454166666666667,3175.0,40.77748046,-73.98288594,497.0,40.73704984,-73.99009296,5.0,6.0,4536.477339401808,1.0,0.0,1990.0,1.0,82.0,0.0,0.0,2.1,1653.389705882353
0.5710382513661202,0.9673611111111111,3082.0,40.71167351,-73.95141312,3094.0,40.7169811,-73.94485918,3.0,3.0,808.3537407281627,1.0,0.0,1979.0,1.0,82.0,0.0,0.0,2.1,322.4990723562152
0.20765027322404372,0.584849537037037,356.0,40.71622644,-73.98261206,540.0,40.74311555376486,-73.98215353488922,7.0,1.0,2990.18263232724,1.0,0.0,1960.0,2.0,56.0,0.02,0.0,3.6,1133.070038910506
0.2540983606557377,0.7518055555555555,238.0,40.7361967,-74.00859207,503.0,40.73827428,-73.98751968,6.0,6.0,1790.390402447947,0.0,0.0,1990.0,1.0,55.0,0.16,0.0,5.0,733.5054432348367
0.2540983606557377,0.9624074074074074,499.0,40.76915505,-73.98191841,527.0,40.744023,-73.976056,2.0,1.0,2837.8459090604797,0.0,0.0,1974.0,2.0,55.0,0.16,0.0,5.0,1133.070038910506
0.7568306010928961,0.648125,3427.0,40.72430527250332,-73.99600982666016,514.0,40.76087502,-74.00277668,7.0,2.0,4106.13748484855,1.0,0.0,1959.0,1.0,66.0,0.0,0.0,2.2,1438.6754385964912
0.7568306010928961,0.7241435185185185,350.0,40.71559509,-73.9870295,502.0,40.714215,-73.981346,7.0,7.0,502.99678287641683,1.0,1.0,1993.0,2.0,66.0,0.0,0.0,2.2,322.4990723562152
0.7568306010928961,0.8677777777777778,482.0,40.73935542,-73.99931783,347.0,40.728846,-74.008591,6.0,6.0,1405.7367013984203,1.0,0.0,1989.0,1.0,66.0,0.0,0.0,2.2,619.3971088435375
0.7568306010928961,0.9799768518518519,518.0,40.74780373,-73.9734419,3243.0,40.75892386377695,-73.96226227283478,1.0,1.0,1554.2611042666001,1.0,0.0,1992.0,1.0,66.0,0.0,0.0,2.2,619.3971088435375
0.9699453551912568,0.34520833333333334,540.0,40.74311555376486,-73.98215353488922,466.0,40.74395411,-73.99144871,1.0,6.0,788.6091728719967,1.0,1.0,1989.0,1.0,26.0,0.0,0.0,3.1,322.4990723562152
0.9699453551912568,0.3678240740740741,433.0,40.72955361,-73.98057249,229.0,40.72743423,-73.99379025,7.0,7.0,1138.4484175686287,1.0,1.0,1987.0,1.0,26.0,0.0,0.0,3.1,475.4988038277512
0.9699453551912568,0.45135416666666667,511.0,40.72938685,-73.97772429,285.0,40.73454567,-73.99074142,7.0,6.0,1237.7740400783825,1.0,0.0,1994.0,2.0,26.0,0.0,0.0,3.1,619.3971088435375
0.060109289617486336,0.5548958333333334,521.0,40.75096734871598,-73.99444207549095,137.0,40.761628,-73.972924,2.0,1.0,2165.6845444339115,1.0,0.0,1958.0,1.0,26.0,0.01,0.2,6.5,853.9102870813397
