0.6147540983606558,0.3348611111111111,251.0,40.72317958,-73.99480012,147.0,40.71542197,-74.01121978,7.0,0.0,1630.6313470813395,1.0,1.0,1981.0,1.0,83.0,0.32,0.0,5.2,733.5054432348367
0.6147540983606558,0.48390046296296296,524.0,40.75527307,-73.98316936,128.0,40.72710258,-74.00297088,2.0,6.0,3548.955107784563,1.0,0.0,1982.0,1.0,83.0,0.32,0.0,5.2,1355.5140186915887
0.6147540983606558,0.5897106481481481,510.0,40.7606597,-73.98042047,3341.0,40.795346,-73.96186,2.0,5.0,4161.540270790978,1.0,0.0,1989.0,2.0,83.0,0.32,0.0,5.2,1653.389705882353
0.6147540983606558,0.6307060185185185,317.0,40.72453734,-73.98185424,531.0,40.71893904,-73.99266288,7.0,7.0,1103.2719123673671,1.0,0.0,1969.0,2.0,83.0,0.32,0.0,5.2,475.4988038277512
0.6147540983606558,0.8237731481481482,508.0,40.76341379,-73.99667444,3002.0,40.711512,-74.015756,2.0,0.0,5990.957741719501,1.0,1.0,1990.0,2.0,83.0,0.32,0.0,5.2,1850.300518134715
0.16393442622950818,0.8797916666666666,3176.0,40.77452835,-73.98753759,284.0,40.7390169121,-74.0026376103,2.0,6.0,4148.467777523984,1.0,0.0,1984.0,1.0,54.0,0.05,0.0,0.0,1438.6754385964912
0.25136612021857924,0.7373032407407407,382.0,40.73492695,-73.99200509,334.0,40.74238787,-73.99726235,6.0,6.0,940.4538337483497,1.0,1.0,1981.0,1.0,70.0,0.02,0.0,6.6,417.019801980198
0.05737704918032787,0.33805555555555555,3176.0,40.77452835,-73.98753759,173.0,40.76068327096592,-73.9845272898674,2.0,2.0,1560.2361186584292,1.0,1.0,1966.0,1.0,31.0,0.0,0.0,6.1,522.2016806722689
0.3551912568306011,0.23493055555555556,3170.0,40.78499979,-73.97283406,352.0,40.76340613,-73.97722479,5.0,1.0,2429.4046082103487,1.0,0.0,1993.0,1.0,62.0,0.0,0.0,5.1,996.0875486381323
0.3551912568306011,0.35346064814814815,251.0,40.72317958,-73.99480012,362.0,40.75172632,-73.98753523,7.0,2.0,3232.7286964680197,1.0,1.0,1987.0,1.0,62.0,0.0,0.0,5.1,1228.1894409937888
0.3551912568306011,0.40855324074074073,437.0,40.6809833854,-73.9500479759,313.0,40.69610226,-73.96751037,4.0,4.0,2234.734625454906,1.0,1.0,1979.0,1.0,62.0,0.0,0.0,5.1,853.9102870813397
0.5683060109289617,0.13157407407407407,3236.0,40.75898481399634,-73.99379968643188,3223.0,40.758996559605116,-73.96865397691727,2.0,1.0,2117.922719829441,1.0,0.0,1955.0,1.0,80.0,0.0,0.0,4.3,853.9102870813397
0.5683060109289617,0.5000810185185185,3175.0,40.77748046,-73.98288594,3169.0,40.78720869,-73.98128127,5.0,5.0,1090.134588181964,1.0,0.0,1952.0,1.0,80.0,0.0,0.0,4.3,475.4988038277512
0.7540983606557377,0.6698379629629629,3167.0,40.77966809007312,-73.98093044757842,3177.0,40.7867947,-73.977112,5.0,5.0,855.1753493975793,0.0,0.0,1968.0,1.0,60.0,0.0,0.0,2.6,417.019801980198
0.7540983606557377,0.7374537037037037,450.0,40.76227205,-73.98788205,495.0,40.76269882,-73.99301222,2.0,2.0,434.6691186818414,0.0,0.0,1961.0,1.0,60.0,0.0,0.0,2.6,322.4990723562152
0.7540983606557377,0.7997569444444445,505.0,40.74901271,-73.98848395,519.0,40.751873,-73.977706,2.0,1.0,961.9971428904846,0.0,0.0,1958.0,1.0,60.0,0.0,0.0,2.6,417.019801980198
0.7540983606557377,0.8281018518518518,528.0,40.74290902,-73.97706058,251.0,40.72317958,-73.99480012,1.0,7.0,2654.61602248615,0.0,0.0,1978.0,1.0,60.0,0.0,0.0,2.6,996.0875486381323
