0.6502732240437158,0.34042824074074074,457.0,40.76695317,-73.98169333,2023.0,40.75968085,-73.97031366,2.0,1.0,1253.969905628458,1.0,1.0,1992.0,1.0,78.0,0.01,0.0,0.0,522.2016806722689
0.6502732240437158,0.5477314814814814,164.0,40.75323098,-73.97032517,515.0,40.76009437,-73.99461843,1.0,2.0,2183.8843970458684,1.0,0.0,1977.0,2.0,78.0,0.01,0.0,0.0,853.9102870813397
0.6502732240437158,0.7391435185185186,291.0,40.713126,-73.984844,311.0,40.7172274,-73.98802084,7.0,7.0,528.8435094534464,1.0,1.0,1947.0,1.0,78.0,0.01,0.0,0.0,456.52941176470586
0.24043715846994534,0.7651851851851852,223.0,40.73781509,-73.99994661,238.0,40.7361967,-74.00859207,6.0,6.0,750.3134362831016,1.0,1.0,1967.0,1.0,52.0,0.38,0.0,10.1,322.4990723562152
0.9398907103825137,0.2793171296296296,490.0,40.751551,-73.993934,450.0,40.76227205,-73.98788205,2.0,2.0,1296.5368173721952,1.0,1.0,1979.0,1.0,34.0,0.0,0.0,0.0,522.2016806722689
0.9398907103825137,0.3425578703703704,540.0,40.74311555376486,-73.98215353488922,402.0,40.7403432,-73.98955109,1.0,6.0,695.3019428039511,1.0,1.0,1966.0,1.0,34.0,0.0,0.0,0.0,322.4990723562152
0.9398907103825137,0.43052083333333335,2002.0,40.716887,-73.963198,3098.0,40.71928,-73.94861,3.0,3.0,1257.909999712065,1.0,0.0,1980.0,1.0,34.0,0.0,0.0,0.0,619.3971088435375
0.9398907103825137,0.6695601851851852,488.0,40.75645824,-73.99372222,284.0,40.7390169121,-74.0026376103,2.0,6.0,2079.7297142829034,1.0,1.0,1956.0,1.0,34.0,0.0,0.0,0.0,853.9102870813397
0.9398907103825137,0.776724537037037,417.0,40.71291224,-74.01020234,307.0,40.71427487,-73.98990025,0.0,7.0,1717.826120041898,1.0,1.0,1952.0,2.0,34.0,0.0,0.0,0.0,733.5054432348367
0.13934426229508196,0.48864583333333333,238.0,40.7361967,-74.00859207,494.0,40.74734825,-73.99723551,6.0,6.0,1566.2021791386123,0.0,0.0,1984.0,1.0,50.0,0.0,0.0,7.4,619.3971088435375
0.7896174863387978,0.4202314814814815,457.0,40.76695317,-73.98169333,422.0,40.770513,-73.988038,2.0,2.0,664.9587947102057,0.0,0.0,1956.0,2.0,55.0,0.0,0.0,3.2,456.52941176470586
0.7896174863387978,0.6583680555555556,367.0,40.75828065,-73.97069431,476.0,40.74394314,-73.97966069,1.0,1.0,1764.1216976798823,0.0,0.0,1984.0,1.0,55.0,0.0,0.0,3.2,733.5054432348367
0.6967213114754098,0.37578703703703703,515.0,40.76009437,-73.99461843,434.0,40.74317449,-74.00366443,2.0,6.0,2029.856351184779,0.0,0.0,1985.0,1.0,75.0,0.0,0.0,5.7,853.9102870813397
0.6967213114754098,0.4753819444444444,382.0,40.73492695,-73.99200509,2010.0,40.72165481,-74.00234737,6.0,0.0,1713.9038119191096,0.0,0.0,1964.0,1.0,75.0,0.0,0.0,5.7,733.5054432348367
0.4371584699453552,0.7365162037037037,362.0,40.75172632,-73.98753523,250.0,40.72456089,-73.99565293,2.0,7.0,3097.1184309267533,1.0,1.0,1986.0,1.0,60.0,0.45,0.0,7.7,1228.1894409937888
0.8360655737704918,0.32850694444444445,354.0,40.69363137,-73.96223558,344.0,40.6851443,-73.95380904,4.0,4.0,1181.2630392475173,1.0,1.0,1977.0,2.0,49.0,0.0,0.0,3.1,475.4988038277512
0.8360655737704918,0.33422453703703703,3168.0,40.78472675,-73.96961715,3428.0,40.740983,-74.001702,5.0,6.0,5564.287960781496,1.0,1.0,1985.0,1.0,49.0,0.0,0.0,3.1,1850.300518134715
0.8360655737704918,0.6372106481481481,3141.0,40.76500525,-73.95818491,379.0,40.749156,-73.9916,5.0,2.0,3320.739219706636,1.0,0.0,1971.0,1.0,49.0,0.0,0.0,3.1,1228.1894409937888
0.8360655737704918,0.7297916666666666,3263.0,40.72923649910006,-73.99086803197861,394.0,40.72521311,-73.97768752,7.0,7.0,1197.3895050274266,1.0,1.0,1985.0,1.0,49.0,0.0,0.0,3.1,475.4988038277512
0.8360655737704918,0.7361689814814815,470.0,40.74345335,-74.00004031,435.0,40.74173969,-73.99415556,6.0,6.0,531.1293874857905,1.0,1.0,1974.0,1.0,49.0,0.0,0.0,3.1,322.4990723562152
0.28688524590163933,0.3808564814814815,3087.0,40.71413311,-73.95234386,536.0,40.74144387,-73.97536082,3.0,1.0,3603.3404646999775,1.0,1.0,1983.0,2.0,52.0,0.0,0.0,6.4,1355.5140186915887
0.28688524590163933,0.3888773148148148,3143.0,40.77682863439968,-73.96388769149779,499.0,40.76915505,-73.98191841,5.0,2.0,1741.6660799874683,1.0,1.0,1965.0,1.0,52.0,0.0,0.0,6.4,733.5054432348367
0.28688524590163933,0.3934259259259259,173.0,40.76068327096592,-73.9845272898674,228.0,40.7546011026,-73.971878855,2.0,1.0,1261.8865906368815,1.0,1.0,1967.0,1.0,52.0,0.0,0.0,6.4,619.3971088435375
0.28688524590163933,0.7664120370370371,402.0,40.7403432,-73.98955109,263.0,40.71729,-73.996375,6.0,0.0,2627.099509934881,1.0,1.0,1972.0,2.0,52.0,0.0,0.0,6.4,996.0875486381323
