0.860655737704918,0.6796527777777778,334.0,40.74238787,-73.99726235,497.0,40.73704984,-73.99009296,6.0,6.0,846.8534031830293,1.0,1.0,1968.0,1.0,48.0,0.0,0.0,5.9,417.019801980198
0.860655737704918,0.709212962962963,349.0,40.71850211,-73.98329859,3435.0,40.718822,-73.99596,7.0,7.0,1067.6592252488706,1.0,1.0,1996.0,2.0,48.0,0.0,0.0,5.9,475.4988038277512
0.860655737704918,0.7799537037037036,3260.0,40.72706363348306,-73.99662137031554,416.0,40.68753406,-73.97265183,7.0,4.0,4837.606868853501,1.0,1.0,1981.0,1.0,48.0,0.0,0.0,5.9,1653.389705882353
0.9644808743169399,0.6828009259259259,293.0,40.73028666,-73.9907647,285.0,40.73454567,-73.99074142,7.0,6.0,473.58436679436613,0.0,0.0,1985.0,1.0,44.0,0.04,0.0,7.3,322.4990723562152
0.9644808743169399,0.7524537037037037,225.0,40.74195138,-74.00803013,458.0,40.751396,-74.005226,6.0,6.0,1076.4334791121678,0.0,0.0,1985.0,2.0,44.0,0.04,0.0,7.3,475.4988038277512
0.46174863387978143,0.35030092592592593,3140.0,40.77140426,-73.9535166,3137.0,40.77282817,-73.96685276,5.0,5.0,1134.135843780208,1.0,1.0,1957.0,2.0,70.0,0.0,0.0,4.7,475.4988038277512
0.46174863387978143,0.9736805555555555,438.0,40.72779126,-73.98564945,361.0,40.71605866,-73.99190759,7.0,7.0,1407.173732563478,1.0,0.0,1987.0,1.0,70.0,0.0,0.0,4.7,619.3971088435375
0.7213114754098361,0.5742939814814815,445.0,40.72740794,-73.98142006,285.0,40.73454567,-73.99074142,7.0,6.0,1116.6152725600837,1.0,0.0,1969.0,2.0,75.0,0.0,0.0,2.2,475.4988038277512
0.7213114754098361,0.7420833333333333,519.0,40.751873,-73.977706,482.0,40.73935542,-73.99931783,1.0,6.0,2291.7474445314288,1.0,1.0,1985.0,1.0,75.0,0.0,0.0,2.2,853.9102870813397
0.8142076502732241,0.4096180555555556,448.0,40.75660359,-73.9979009,434.0,40.74317449,-74.00366443,2.0,6.0,1570.1925132479748,1.0,1.0,1989.0,1.0,54.0,0.0,0.0,6.0,619.3971088435375
0.8142076502732241,0.4743287037037037,3404.0,40.6704922,-73.98541675,143.0,40.69239502,-73.99337909,4.0,4.0,2526.3365739108535,1.0,0.0,1984.0,2.0,54.0,0.0,0.0,6.0,996.0875486381323
0.8142076502732241,0.7143055555555555,496.0,40.73726186,-73.99238967,405.0,40.739323,-74.008119,6.0,6.0,1344.9030025166296,1.0,1.0,1982.0,1.0,54.0,0.0,0.0,6.0,619.3971088435375
0.8142076502732241,0.7955555555555556,3350.0,40.7973721,-73.97041192,3293.0,40.7921,-73.9739,5.0,5.0,655.655767767647,1.0,1.0,1980.0,1.0,54.0,0.0,0.0,6.0,322.4990723562152
0.505464480874317,0.8755671296296297,383.0,40.735238,-74.000271,383.0,40.735238,-74.000271,6.0,6.0,0.0,0.0,0.0,1969.0,1.0,71.0,0.0,0.0,3.1,322.4990723562152
