0.273224043715847,0.4637962962962963,348.0,40.72490985,-74.00154702,382.0,40.73492695,-73.99200509,0.0,6.0,1373.72757785936,0.0,0.0,1947.0,2.0,40.0,0.11,0.0,6.4,619.3971088435375
0.6830601092896175,0.32709490740740743,3236.0,40.75898481399634,-73.99379968643188,492.0,40.75019995,-73.99093085,2.0,2.0,1006.2775091361324,1.0,1.0,1987.0,2.0,76.0,0.0,0.0,9.7,475.4988038277512
0.6830601092896175,0.3755787037037037,173.0,40.76068327096592,-73.9845272898674,479.0,40.76019252,-73.9912551,2.0,2.0,569.2656380621443,1.0,1.0,1979.0,1.0,76.0,0.0,0.0,9.7,322.4990723562152
0.6830601092896175,0.599837962962963,509.0,40.7454973,-74.00197139,380.0,40.73401143,-74.00293877,6.0,6.0,1279.7683399079624,1.0,0.0,1970.0,1.0,76.0,0.0,0.0,9.7,619.3971088435375
0.07923497267759563,0.975925925925926,466.0,40.74395411,-73.99144871,237.0,40.73047309,-73.98672378,6.0,7.0,1550.9808133765857,1.0,0.0,1968.0,1.0,36.0,0.0,0.0,7.9,619.3971088435375
0.16666666666666666,0.599386574074074,524.0,40.75527307,-73.98316936,477.0,40.75640548,-73.9900262,2.0,2.0,591.1185798841803,1.0,0.0,1956.0,1.0,46.0,0.0,0.0,7.5,456.52941176470586
0.12568306010928962,0.5553356481481482,449.0,40.76461837,-73.98789473,479.0,40.76019252,-73.9912551,2.0,2.0,567.7076734251204,1.0,0.0,1979.0,1.0,24.0,0.44,1.4,5.4,322.4990723562152
0.5300546448087432,0.11275462962962964,83.0,40.68382604,-73.97632328,455.0,40.75001986,-73.96905301,4.0,1.0,7385.876614984421,1.0,0.0,1991.0,2.0,75.0,0.0,0.0,4.2,2192.5625
0.5300546448087432,0.2604398148148148,358.0,40.73291553,-74.00711384,476.0,40.74394314,-73.97966069,6.0,1.0,2617.9181906238273,1.0,1.0,1989.0,2.0,75.0,0.0,0.0,4.2,996.0875486381323
0.9890710382513661,0.7655324074074074,517.0,40.751581,-73.97791,527.0,40.744023,-73.976056,1.0,1.0,854.8003664221294,1.0,1.0,1973.0,1.0,50.0,0.0,0.0,7.2,417.019801980198
