0.7650273224043715,0.7582407407407408,462.0,40.74691959,-74.00451887,369.0,40.73224119,-74.00026394,6.0,6.0,1671.0673773277301,1.0,1.0,1970.0,1.0,64.0,0.0,0.0,2.1,733.5054432348367
0.7650273224043715,0.9663657407407408,347.0,40.728846,-74.008591,3255.0,40.7505853470215,-73.9946848154068,6.0,2.0,2686.2640296861728,1.0,0.0,1964.0,1.0,64.0,0.0,0.0,2.1,996.0875486381323
0.26229508196721313,0.7351157407407407,521.0,40.75096734871598,-73.99444207549095,490.0,40.751551,-73.993934,2.0,2.0,77.74039445008853,1.0,1.0,1999.0,1.0,34.0,0.0,0.0,8.3,322.4990723562152
0.6256830601092896,0.7405208333333333,167.0,40.7489006,-73.97604882,466.0,40.74395411,-73.99144871,1.0,6.0,1409.097643004158,1.0,1.0,1984.0,1.0,82.0,0.11,0.0,4.0,619.3971088435375
0.6256830601092896,0.7650925925925925,497.0,40.73704984,-73.99009296,336.0,40.73047747,-73.99906065,6.0,6.0,1051.199066649347,1.0,1.0,1981.0,1.0,82.0,0.11,0.0,4.0,475.4988038277512
0.6256830601092896,0.8070717592592592,379.0,40.749156,-73.9916,546.0,40.74444921,-73.98303529,2.0,1.0,891.3386562527822,1.0,1.0,1967.0,1.0,82.0,0.11,0.0,4.0,417.019801980198
0.6256830601092896,0.8171990740740741,3098.0,40.71928,-73.94861,471.0,40.71286844,-73.95698119,3.0,3.0,1003.0161661800614,1.0,1.0,1976.0,1.0,82.0,0.11,0.0,4.0,475.4988038277512
0.47540983606557374,0.3889930555555556,368.0,40.73038599,-74.00214988,525.0,40.75594159,-74.0021163,6.0,2.0,2841.654451984754,1.0,1.0,1987.0,1.0,77.0,0.0,0.0,4.1,1133.070038910506
0.47540983606557374,0.3946875,483.0,40.73223272,-73.98889957,497.0,40.73704984,-73.99009296,7.0,6.0,544.9954330476542,1.0,1.0,1991.0,1.0,77.0,0.0,0.0,4.1,322.4990723562152
0.47540983606557374,0.5895138888888889,458.0,40.751396,-74.005226,470.0,40.74345335,-74.00004031,6.0,6.0,985.3148919367724,1.0,0.0,1968.0,1.0,77.0,0.0,0.0,4.1,417.019801980198
0.47540983606557374,0.8275925925925925,3224.0,40.73997354103409,-74.00513872504234,428.0,40.72467721,-73.98783413,6.0,7.0,2240.306765532546,1.0,1.0,1972.0,1.0,77.0,0.0,0.0,4.1,853.9102870813397
0.21584699453551912,0.8521412037037037,368.0,40.73038599,-74.00214988,508.0,40.76341379,-73.99667444,6.0,2.0,3701.376744782848,0.0,0.0,1958.0,1.0,41.0,0.0,0.0,5.2,1355.5140186915887
0.21584699453551912,0.6771064814814814,455.0,40.75001986,-73.96905301,520.0,40.75992262,-73.97648516,1.0,1.0,1266.6493474903236,0.0,0.0,1972.0,1.0,41.0,0.0,0.0,5.2,619.3971088435375
0.6721311475409836,0.846724537037037,3141.0,40.76500525,-73.95818491,3155.0,40.76440023,-73.96648977,5.0,5.0,702.6529911505327,1.0,0.0,1974.0,2.0,74.0,0.0,0.0,6.0,322.4990723562152
0.9781420765027322,0.3766550925925926,195.0,40.70905623,-74.01043382,534.0,40.70255065,-74.0127234,0.0,0.0,748.69022746333,1.0,1.0,1985.0,1.0,42.0,0.0,0.0,6.4,322.4990723562152
0.9781420765027322,0.5411111111111111,446.0,40.74487634,-73.99529885,253.0,40.73543934,-73.99453948,6.0,6.0,1051.2949891858398,1.0,0.0,1963.0,1.0,42.0,0.0,0.0,6.4,475.4988038277512
