0.4781420765027322,0.3349421296296296,359.0,40.75510267,-73.97498696,267.0,40.75097711,-73.98765428,1.0,2.0,1161.4476181419398,1.0,1.0,1988.0,1.0,76.0,0.0,0.0,1.9,475.4988038277512
0.4781420765027322,0.7428125,497.0,40.73704984,-73.99009296,3260.0,40.72706363348306,-73.99662137031554,6.0,7.0,1239.1995847411388,1.0,1.0,1985.0,1.0,76.0,0.0,0.0,1.9,619.3971088435375
0.11748633879781421,0.7278240740740741,379.0,40.749156,-73.9916,477.0,40.75640548,-73.9900262,2.0,2.0,816.9332807987333,1.0,1.0,1979.0,1.0,21.0,0.0,0.0,6.6,322.4990723562152
0.2650273224043716,0.3489236111111111,523.0,40.75466591,-73.99138152,79.0,40.71911552,-74.00666661,2.0,0.0,4157.5107544078965,1.0,1.0,1969.0,1.0,39.0,0.0,0.0,6.0,1438.6754385964912
0.2650273224043716,0.5513078703703703,151.0,40.722103786686034,-73.99724900722504,386.0,40.71494807,-74.00234482,7.0,0.0,904.1805593849289,1.0,0.0,1965.0,1.0,39.0,0.0,0.0,6.0,417.019801980198
0.8306010928961749,0.5306018518518518,3098.0,40.71928,-73.94861,3067.0,40.7016657,-73.9437303,3.0,3.0,2001.3397867488209,0.0,0.0,1988.0,1.0,65.0,0.56,0.0,3.7,853.9102870813397
0.8306010928961749,0.5534027777777778,445.0,40.72740794,-73.98142006,358.0,40.73291553,-74.00711384,7.0,6.0,2249.9722749315556,0.0,0.0,1986.0,1.0,65.0,0.56,0.0,3.7,853.9102870813397
0.8306010928961749,0.5568981481481482,450.0,40.76227205,-73.98788205,449.0,40.76461837,-73.98789473,2.0,2.0,260.90106585546766,0.0,0.0,1958.0,2.0,65.0,0.56,0.0,3.7,322.4990723562152
0.8306010928961749,0.5980324074074074,3417.0,40.6795766,-73.97854971,397.0,40.68415748,-73.96922273,4.0,4.0,937.0255390206745,0.0,0.0,1985.0,1.0,65.0,0.56,0.0,3.7,417.019801980198
0.8306010928961749,0.6733912037037038,2021.0,40.75929124,-73.98859651,3427.0,40.72430527250332,-73.99600982666016,2.0,7.0,3940.0771634263015,0.0,0.0,1961.0,1.0,65.0,0.56,0.0,3.7,1355.5140186915887
0.76775956284153,0.5674421296296296,435.0,40.74173969,-73.99415556,434.0,40.74317449,-74.00366443,6.0,6.0,816.8256127122388,1.0,0.0,1985.0,1.0,66.0,0.0,0.0,2.4,322.4990723562152
0.6284153005464481,0.7046527777777778,3156.0,40.76663814,-73.95348296,529.0,40.7575699,-73.99098507,5.0,2.0,3315.554895454225,1.0,1.0,1988.0,1.0,81.0,0.01,0.0,5.3,1228.1894409937888
0.6284153005464481,0.8072106481481481,358.0,40.73291553,-74.00711384,423.0,40.76584941,-73.98690506,6.0,2.0,4038.419147564427,1.0,1.0,1980.0,1.0,81.0,0.01,0.0,5.3,1653.389705882353
0.6284153005464481,0.8101736111111111,195.0,40.70905623,-74.01043382,417.0,40.71291224,-74.01020234,0.0,0.0,429.2124273316535,1.0,1.0,1981.0,1.0,81.0,0.01,0.0,5.3,322.4990723562152
0.6284153005464481,0.8554976851851852,263.0,40.717590818059804,-73.99622440338135,265.0,40.72229346,-73.99147535,7.0,7.0,658.4965661007694,1.0,0.0,1962.0,1.0,81.0,0.01,0.0,5.3,322.4990723562152
0.6284153005464481,0.932974537037037,334.0,40.74238787,-73.99726235,268.0,40.71910537,-73.99973337,6.0,0.0,2597.255134132512,1.0,0.0,1975.0,0.0,81.0,0.01,0.0,5.3,996.0875486381323
