0.7377049180327869,0.3881597222222222,387.0,40.71273266,-74.0046073,146.0,40.71625008,-74.0091059,0.0,0.0,544.7301647310718,1.0,1.0,1984.0,1.0,64.0,0.0,0.0,4.4,322.4990723562152
0.7377049180327869,0.5079861111111111,453.0,40.74475148,-73.99915362,3428.0,40.740983,-74.001702,6.0,6.0,470.83293832670836,1.0,0.0,1970.0,1.0,64.0,0.0,0.0,4.4,322.4990723562152
0.7377049180327869,0.7600231481481482,127.0,40.73172428,-74.00674436,494.0,40.74734825,-73.99723551,6.0,6.0,1913.1222459599328,1.0,1.0,1954.0,1.0,64.0,0.0,0.0,4.4,853.9102870813397
0.4180327868852459,0.8241435185185185,257.0,40.71939226,-74.00247214,161.0,40.72917025,-73.99810231,0.0,6.0,1147.9308458143767,1.0,1.0,1942.0,1.0,74.0,0.0,0.0,6.0,475.4988038277512
0.37158469945355194,0.6831018518518519,3140.0,40.77140426,-73.9535166,3168.0,40.78472675,-73.96961715,5.0,5.0,2008.0927716593133,0.0,0.0,1964.0,1.0,52.0,0.0,0.0,0.0,853.9102870813397
0.37158469945355194,0.7594328703703703,3162.0,40.78339981,-73.98093133,3169.0,40.78720869,-73.98128127,5.0,5.0,424.55165779932156,0.0,0.0,1942.0,1.0,52.0,0.0,0.0,0.0,456.52941176470586
0.32786885245901637,0.35278935185185184,242.0,40.697787,-73.973736,441.0,40.756014,-73.967416,4.0,1.0,6496.412909165825,1.0,1.0,1968.0,1.0,52.0,0.05,0.0,5.9,1850.300518134715
0.32786885245901637,0.5205439814814815,260.0,40.70365182,-74.01167797,376.0,40.70862144,-74.00722156,0.0,0.0,668.1850167411168,1.0,0.0,1983.0,1.0,52.0,0.05,0.0,5.9,322.4990723562152
0.32786885245901637,0.7705092592592593,3233.0,40.75724567911726,-73.97805914282799,447.0,40.76370739,-73.9851615,1.0,2.0,934.926082338748,1.0,1.0,1968.0,1.0,52.0,0.05,0.0,5.9,417.019801980198
0.9207650273224044,0.03076388888888889,296.0,40.71413089,-73.9970468,307.0,40.71427487,-73.98990025,0.0,7.0,602.5433685073614,1.0,0.0,1996.0,1.0,46.0,0.0,0.0,8.7,322.4990723562152
0.9207650273224044,0.6087847222222222,514.0,40.76087502,-74.00277668,3331.0,40.8013434,-73.9711457439,2.0,5.0,5228.944429634295,1.0,0.0,1962.0,1.0,46.0,0.0,0.0,8.7,1653.389705882353
0.5218579234972678,0.8175347222222222,482.0,40.73935542,-73.99931783,462.0,40.74691959,-74.00451887,6.0,6.0,948.3855846211007,0.0,0.0,1964.0,2.0,68.0,0.53,0.0,4.0,417.019801980198
0.22131147540983606,0.47800925925925924,330.0,40.71450451,-74.00562789,316.0,40.70955958,-74.00653609,0.0,0.0,555.1539142786582,1.0,0.0,1981.0,1.0,41.0,0.06,0.5,8.0,322.4990723562152
0.22131147540983606,0.4459606481481482,457.0,40.76695317,-73.98169333,385.0,40.75797322,-73.96603308,2.0,1.0,1654.2766970350099,1.0,0.0,1945.0,1.0,41.0,0.06,0.5,8.0,733.5054432348367
0.22131147540983606,0.3354976851851852,483.0,40.73223272,-73.98889957,252.0,40.73226398,-73.99852205,7.0,6.0,810.7963350445909,1.0,1.0,1989.0,1.0,41.0,0.06,0.5,8.0,322.4990723562152
0.01092896174863388,0.8283101851851852,346.0,40.73652889,-74.00618026,496.0,40.73726186,-73.99238967,6.0,6.0,1164.7671154859834,1.0,1.0,1981.0,1.0,25.0,0.0,0.0,8.6,475.4988038277512
0.8770491803278688,0.9532523148148148,394.0,40.72521311,-73.97768752,325.0,40.73624527,-73.98473765,7.0,7.0,1362.9914568020672,1.0,0.0,1988.0,1.0,53.0,0.0,0.0,4.1,619.3971088435375
