0.17759562841530055,0.5388773148148148,408.0,40.71076228,-73.99400398,355.0,40.71602118,-73.99974372,0.0,0.0,758.9321754308089,0.0,0.0,1990.0,1.0,34.0,0.0,0.0,4.3,322.4990723562152
0.17759562841530055,0.7631828703703704,3233.0,40.75724567911726,-73.97805914282799,513.0,40.768254,-73.988639,1.0,2.0,1514.0388099061886,0.0,0.0,1982.0,1.0,34.0,0.0,0.0,4.3,619.3971088435375
0.8961748633879781,0.3344212962962963,487.0,40.73314259,-73.97573881,267.0,40.75097711,-73.98765428,7.0,2.0,2222.707435255819,1.0,1.0,1984.0,1.0,40.0,0.0,0.0,4.8,853.9102870813397
0.3907103825136612,0.5791898148148148,450.0,40.76227205,-73.98788205,3163.0,40.7734066,-73.97782542,2.0,5.0,1500.0577776238488,0.0,0.0,1992.0,1.0,61.0,0.09,0.0,3.6,619.3971088435375
0.3907103825136612,0.5802314814814815,225.0,40.74195138,-74.00803013,508.0,40.76341379,-73.99667444,6.0,2.0,2571.0687204768797,0.0,0.0,1972.0,1.0,61.0,0.09,0.0,3.6,996.0875486381323
0.3907103825136612,0.7078587962962963,3155.0,40.76440023,-73.96648977,3154.0,40.77314236,-73.95856158,5.0,5.0,1179.284637620758,0.0,0.0,1971.0,2.0,61.0,0.09,0.0,3.6,475.4988038277512
0.3907103825136612,0.8643287037037037,463.0,40.74206539,-74.00443172,326.0,40.72953837,-73.98426726,6.0,7.0,2196.9896014427886,0.0,0.0,1994.0,1.0,61.0,0.09,0.0,3.6,853.9102870813397
0.587431693989071,0.38092592592592595,3170.0,40.78499979,-73.97283406,517.0,40.751581,-73.97791,5.0,1.0,3740.5056164053435,1.0,1.0,1966.0,1.0,74.0,0.0,0.0,6.9,1355.5140186915887
0.587431693989071,0.4985648148148148,2012.0,40.739445,-73.976806,237.0,40.73047309,-73.98672378,1.0,7.0,1301.3670406780655,1.0,0.0,1965.0,1.0,74.0,0.0,0.0,6.9,619.3971088435375
0.587431693989071,0.8081828703703704,408.0,40.71076228,-73.99400398,302.0,40.72082834,-73.97793172,0.0,7.0,1757.1884759696652,1.0,1.0,1968.0,1.0,74.0,0.0,0.0,6.9,733.5054432348367
0.5409836065573771,0.5442476851851852,2010.0,40.72165481,-74.00234737,380.0,40.73401143,-74.00293877,0.0,6.0,1374.8969023613554,0.0,0.0,1979.0,1.0,82.0,0.0,0.0,4.3,619.3971088435375
0.5409836065573771,0.6750462962962963,376.0,40.70862144,-74.00722156,531.0,40.71893904,-73.99266288,0.0,7.0,1679.8437929799054,0.0,0.0,1992.0,1.0,82.0,0.0,0.0,4.3,733.5054432348367
