0.02185792349726776,0.2808912037037037,519.0,40.751873,-73.977706,3134.0,40.76312584,-73.96526895,1.0,1.0,1631.8706330011646,1.0,1.0,1967.0,1.0,38.0,0.0,0.0,4.2,733.5054432348367
0.02185792349726776,0.3388425925925926,3090.0,40.71774592,-73.95600096,539.0,40.71534825,-73.96024116,3.0,3.0,445.85706562509597,1.0,1.0,1986.0,1.0,38.0,0.0,0.0,4.2,322.4990723562152
0.7814207650273224,0.5561226851851852,427.0,40.701907,-74.013942,245.0,40.69327018,-73.97703874,0.0,4.0,3255.9404821729863,1.0,0.0,1975.0,1.0,60.0,0.0,0.0,1.2,1228.1894409937888
0.7814207650273224,0.6948726851851852,377.0,40.72243797,-74.00566443,380.0,40.73401143,-74.00293877,0.0,6.0,1307.244908336022,1.0,1.0,1955.0,1.0,60.0,0.0,0.0,1.2,619.3971088435375
0.7814207650273224,0.7104282407407407,3158.0,40.77163851,-73.98261428,488.0,40.75645824,-73.99372222,2.0,2.0,1929.8733006784646,1.0,1.0,1977.0,2.0,60.0,0.0,0.0,1.2,853.9102870813397
0.7814207650273224,0.7485069444444444,239.0,40.69196566,-73.9813018,3429.0,40.68506807308177,-73.97790759801863,4.0,4.0,818.629258501177,1.0,1.0,1964.0,2.0,60.0,0.0,0.0,1.2,322.4990723562152
0.9316939890710383,0.3309375,3360.0,40.7829391,-73.9786517,469.0,40.76344058,-73.98268129,5.0,2.0,2194.5287456562446,1.0,1.0,1968.0,1.0,42.0,0.35,0.0,5.4,853.9102870813397
0.9316939890710383,0.6770833333333334,3167.0,40.77966809007312,-73.98093044757842,3171.0,40.78524672,-73.97667321,5.0,5.0,716.4306184859382,1.0,1.0,1970.0,1.0,42.0,0.35,0.0,5.4,322.4990723562152
0.3825136612021858,0.8122800925925926,254.0,40.73532427,-73.99800419,402.0,40.7403432,-73.98955109,6.0,6.0,904.8081357477793,1.0,1.0,1983.0,2.0,64.0,0.0,0.0,1.4,417.019801980198
0.3825136612021858,0.2738425925925926,301.0,40.72217444,-73.98368779,250.0,40.72456089,-73.99565293,7.0,7.0,1042.649024028964,1.0,1.0,1975.0,2.0,64.0,0.0,0.0,1.4,475.4988038277512
0.3825136612021858,0.5180555555555556,519.0,40.751873,-73.977706,510.0,40.7606597,-73.98042047,1.0,2.0,1003.4319694313289,1.0,0.0,1969.0,1.0,64.0,0.0,0.0,1.4,475.4988038277512
0.2786885245901639,0.6915740740740741,482.0,40.73935542,-73.99931783,497.0,40.73704984,-73.99009296,6.0,6.0,818.4075063968111,1.0,1.0,1969.0,1.0,54.0,0.01,0.0,6.9,322.4990723562152
