0.6120218579234973,0.2036574074074074,525.0,40.75594159,-74.0021163,3256.0,40.7277140777778,-74.01129573583603,2.0,0.0,3232.623546088699,1.0,0.0,1994.0,1.0,82.0,0.15,0.0,4.5,1228.1894409937888
0.6120218579234973,0.2911574074074074,453.0,40.74475148,-73.99915362,173.0,40.76068327096592,-73.9845272898674,6.0,2.0,2157.832278551988,1.0,1.0,1984.0,1.0,82.0,0.15,0.0,4.5,853.9102870813397
0.6120218579234973,0.30247685185185186,540.0,40.74311555376486,-73.98215353488922,492.0,40.75019995,-73.99093085,1.0,2.0,1080.4088190212187,1.0,1.0,1962.0,1.0,82.0,0.15,0.0,4.5,475.4988038277512
0.6120218579234973,0.3342824074074074,173.0,40.76068327096592,-73.9845272898674,495.0,40.76269882,-73.99301222,2.0,2.0,748.942419041686,1.0,1.0,1981.0,1.0,82.0,0.15,0.0,4.5,322.4990723562152
0.6120218579234973,0.34542824074074074,465.0,40.75513557,-73.98658032,359.0,40.75510267,-73.97498696,2.0,1.0,976.5259688604667,1.0,1.0,1983.0,1.0,82.0,0.15,0.0,4.5,417.019801980198
0.6120218579234973,0.5991319444444444,438.0,40.72779126,-73.98564945,360.0,40.70717936,-74.00887308,7.0,0.0,3013.9386648603017,1.0,0.0,1984.0,2.0,82.0,0.15,0.0,4.5,1133.070038910506
0.6120218579234973,0.6185995370370371,315.0,40.70355377,-74.00670227,501.0,40.744219,-73.97121214,0.0,1.0,5421.353873638695,1.0,0.0,1981.0,1.0,82.0,0.15,0.0,4.5,1850.300518134715
0.6120218579234973,0.7204513888888889,173.0,40.76068327096592,-73.9845272898674,264.0,40.70706456,-74.00731853,2.0,0.0,6263.759197632323,1.0,1.0,1987.0,1.0,82.0,0.15,0.0,4.5,1850.300518134715
0.7513661202185792,0.6658333333333334,146.0,40.71625008,-74.0091059,426.0,40.71754834,-74.01322069,0.0,0.0,375.6384178102862,0.0,0.0,1996.0,1.0,59.0,0.0,0.0,7.7,322.4990723562152
0.41530054644808745,0.3311458333333333,476.0,40.74394314,-73.97966069,490.0,40.751551,-73.993934,1.0,2.0,1470.1615938848593,1.0,1.0,1989.0,1.0,78.0,0.0,0.0,3.1,522.2016806722689
0.41530054644808745,0.3736921296296296,297.0,40.734232,-73.986923,470.0,40.74345335,-74.00004031,7.0,6.0,1507.5615597154099,1.0,1.0,1990.0,1.0,78.0,0.0,0.0,3.1,619.3971088435375
0.8579234972677595,0.3771643518518519,3230.0,40.751283596962296,-73.99692445993422,459.0,40.746745,-74.007756,2.0,6.0,1042.7016643682653,1.0,1.0,1986.0,1.0,54.0,0.06,0.0,3.5,475.4988038277512
0.5655737704918032,0.014722222222222222,161.0,40.72917025,-73.99810231,393.0,40.72299208,-73.97995466,6.0,7.0,1676.4784944593143,1.0,0.0,1988.0,1.0,83.0,1.0,0.0,3.4,733.5054432348367
0.5655737704918032,0.4737615740740741,459.0,40.746745,-74.007756,462.0,40.74691959,-74.00451887,6.0,6.0,273.39049954119093,1.0,0.0,1949.0,1.0,83.0,1.0,0.0,3.4,456.52941176470586
0.5655737704918032,0.5177662037037037,308.0,40.71307916,-73.99851193,330.0,40.71450451,-74.00562789,0.0,0.0,620.3442850912086,1.0,0.0,1968.0,2.0,83.0,1.0,0.0,3.4,322.4990723562152
