0.43989071038251365,0.259537037037037,487.0,40.73314259,-73.97573881,440.0,40.75255434,-73.97282625,7.0,1.0,2172.390094845969,1.0,1.0,1976.0,1.0,62.0,0.0,0.0,9.0,853.9102870813397
0.43989071038251365,0.6828125,267.0,40.75097711,-73.98765428,519.0,40.751873,-73.977706,2.0,1.0,843.8994839895288,1.0,1.0,1964.0,1.0,62.0,0.0,0.0,9.0,417.019801980198
0.43989071038251365,0.7920949074074074,217.0,40.70277159,-73.99383605,2000.0,40.70255088,-73.98940236,0.0,4.0,374.5530937036541,1.0,1.0,1977.0,1.0,62.0,0.0,0.0,9.0,322.4990723562152
0.43989071038251365,0.7944791666666666,276.0,40.71748752,-74.0104554,347.0,40.728846,-74.008591,0.0,6.0,1272.7402724347914,1.0,1.0,1950.0,1.0,62.0,0.0,0.0,9.0,619.3971088435375
0.3333333333333333,0.617337962962963,3164.0,40.7770575,-73.97898475,3175.0,40.77748046,-73.98288594,5.0,5.0,331.8409333065002,0.0,0.0,1987.0,1.0,48.0,0.16,0.0,5.0,322.4990723562152
0.6530054644808743,0.32384259259259257,3100.0,40.724812564400175,-73.94752621650696,537.0,40.74025878,-73.98409214,3.0,6.0,3527.4169546521975,1.0,1.0,1983.0,2.0,82.0,0.0,0.0,0.0,1355.5140186915887
0.6530054644808743,0.5538888888888889,335.0,40.72903917,-73.99404649,168.0,40.73971301,-73.99456405,7.0,6.0,1187.6777074746647,1.0,0.0,1994.0,1.0,82.0,0.0,0.0,0.0,475.4988038277512
0.6530054644808743,0.9005324074074074,3323.0,40.7981856,-73.9605909006,3383.0,40.804213,-73.96699104,5.0,5.0,859.8863020478832,1.0,0.0,1978.0,2.0,82.0,0.0,0.0,0.0,417.019801980198
0.6994535519125683,0.3047685185185185,3298.0,40.686371,-73.99383324,391.0,40.69760127,-73.99344559,4.0,4.0,1249.176675514014,1.0,1.0,1985.0,1.0,70.0,0.0,0.0,4.3,522.2016806722689
0.6994535519125683,0.45903935185185185,359.0,40.75510267,-73.97498696,281.0,40.7643971,-73.97371465,1.0,1.0,1039.0342024543015,1.0,0.0,1967.0,1.0,70.0,0.0,0.0,4.3,475.4988038277512
0.6994535519125683,0.7187037037037037,228.0,40.7546011026,-73.971878855,537.0,40.74025878,-73.98409214,1.0,6.0,1897.8695302158555,1.0,1.0,1990.0,1.0,70.0,0.0,0.0,4.3,733.5054432348367
0.6994535519125683,0.7349421296296297,546.0,40.74444921,-73.98303529,503.0,40.73827428,-73.98751968,1.0,6.0,783.6981919203712,1.0,1.0,1960.0,2.0,70.0,0.0,0.0,4.3,322.4990723562152
0.6994535519125683,0.8151736111111111,252.0,40.73226398,-73.99852205,3265.0,40.7245634290432,-73.9894437789917,6.0,7.0,1148.2056751963366,1.0,1.0,1977.0,2.0,70.0,0.0,0.0,4.3,475.4988038277512
0.6994535519125683,0.8234490740740741,3242.0,40.69102925677968,-73.99183362722397,3382.0,40.680611,-73.99475825,4.0,4.0,1184.413342410565,1.0,1.0,1983.0,1.0,70.0,0.0,0.0,4.3,475.4988038277512
0.6994535519125683,0.908449074074074,3418.0,40.6750207,-73.97111473,3423.0,40.6610633719006,-73.97945255041122,4.0,4.0,1703.8704487862633,1.0,0.0,1983.0,1.0,70.0,0.0,0.0,4.3,733.5054432348367
0.8387978142076503,0.5431018518518519,253.0,40.73543934,-73.99453948,426.0,40.71754834,-74.01322069,6.0,0.0,2536.889995868073,1.0,0.0,1976.0,1.0,62.0,0.0,0.0,3.2,996.0875486381323
0.8387978142076503,0.7429976851851852,355.0,40.71602118,-73.99974372,253.0,40.73543934,-73.99453948,0.0,6.0,2203.287500931419,1.0,1.0,1968.0,1.0,62.0,0.0,0.0,3.2,853.9102870813397
0.8387978142076503,0.8763541666666667,446.0,40.74487634,-73.99529885,475.0,40.73524276,-73.98758561,6.0,7.0,1252.9058214881093,1.0,0.0,1984.0,2.0,62.0,0.0,0.0,3.2,619.3971088435375
0.24316939890710382,0.7419212962962963,267.0,40.75097711,-73.98765428,173.0,40.76068327096592,-73.9845272898674,2.0,2.0,1110.9494812910416,1.0,1.0,1988.0,1.0,46.0,0.0,0.0,11.6,475.4988038277512
0.24316939890710382,0.31603009259259257,3222.0,40.685159599891776,-73.97711366415024,392.0,40.695065,-73.987167,4.0,4.0,1389.828551339603,1.0,1.0,1970.0,1.0,46.0,0.0,0.0,11.6,522.2016806722689
0.7923497267759563,0.6839583333333333,493.0,40.7568001,-73.98291153,468.0,40.7652654,-73.98192338,2.0,2.0,944.9704544910313,0.0,0.0,1989.0,1.0,61.0,0.0,0.0,4.0,417.019801980198
0.2896174863387978,0.6307407407407407,367.0,40.75828065,-73.97069431,422.0,40.770513,-73.988038,1.0,2.0,1995.9046924878526,1.0,0.0,1985.0,1.0,54.0,0.0,0.0,3.7,853.9102870813397
0.2896174863387978,0.7024074074074074,519.0,40.751873,-73.977706,442.0,40.746647,-73.993915,1.0,6.0,1483.9310975980222,1.0,1.0,1979.0,1.0,54.0,0.0,0.0,3.7,619.3971088435375
0.2896174863387978,0.7598263888888889,453.0,40.74475148,-73.99915362,479.0,40.76019252,-73.9912551,6.0,2.0,1841.36591163009,1.0,1.0,1992.0,1.0,54.0,0.0,0.0,3.7,733.5054432348367
