0.5519125683060109,0.3010069444444444,475.0,40.73524276,-73.98758561,3164.0,40.7770575,-73.97898475,7.0,5.0,4705.686032690466,1.0,1.0,1980.0,1.0,76.0,0.0,0.0,3.1,1653.389705882353
0.5519125683060109,0.8050578703703704,3178.0,40.78414472,-73.98362492,499.0,40.76915505,-73.98191841,5.0,2.0,1672.9577974021138,1.0,1.0,1961.0,2.0,76.0,0.0,0.0,3.1,733.5054432348367
0.5519125683060109,0.9099189814814815,383.0,40.735238,-74.000271,327.0,40.7153379,-74.01658354,6.0,0.0,2605.007655408314,1.0,0.0,1991.0,2.0,76.0,0.0,0.0,3.1,996.0875486381323
0.14754098360655737,0.41519675925925925,3110.0,40.72708584,-73.95299117,3101.0,40.72079821,-73.95484712,3.0,3.0,716.4326652633525,1.0,1.0,1989.0,2.0,38.0,0.3,0.0,14.6,322.4990723562152
0.29508196721311475,0.7681481481481481,3085.0,40.71469,-73.95739,532.0,40.710451,-73.960876,3.0,3.0,555.431448791207,0.0,0.0,1979.0,1.0,60.0,0.0,0.0,2.8,322.4990723562152
0.8442622950819673,0.2941435185185185,384.0,40.683048,-73.964915,3429.0,40.68506807308177,-73.97790759801863,4.0,4.0,1118.3373393280351,1.0,1.0,1980.0,1.0,54.0,0.0,0.0,4.7,475.4988038277512
0.8442622950819673,0.3137037037037037,3150.0,40.77536905,-73.94803392,3140.0,40.77140426,-73.9535166,5.0,5.0,638.3680622107486,1.0,1.0,1982.0,2.0,54.0,0.0,0.0,4.7,322.4990723562152
0.8442622950819673,0.7400347222222222,497.0,40.73704984,-73.99009296,357.0,40.73261787,-73.99158043,6.0,7.0,508.4993950193997,1.0,1.0,1983.0,1.0,54.0,0.0,0.0,4.7,322.4990723562152
0.7049180327868853,0.42703703703703705,498.0,40.74854862,-73.98808416,523.0,40.75466591,-73.99138152,2.0,2.0,734.734828280924,1.0,0.0,1986.0,1.0,79.0,0.56,0.0,5.0,322.4990723562152
0.7049180327868853,0.5323726851851852,529.0,40.7575699,-73.99098507,478.0,40.76030096,-73.99884222,2.0,2.0,728.1277983626694,1.0,0.0,1986.0,2.0,79.0,0.56,0.0,5.0,322.4990723562152
0.7049180327868853,0.8345717592592593,494.0,40.74734825,-73.99723551,302.0,40.72082834,-73.97793172,6.0,7.0,3367.693369567977,1.0,0.0,1974.0,1.0,79.0,0.56,0.0,5.0,1228.1894409937888
0.7049180327868853,0.28747685185185184,253.0,40.73543934,-73.99453948,317.0,40.72453734,-73.98185424,6.0,7.0,1616.191541062149,1.0,1.0,1986.0,2.0,79.0,0.56,0.0,5.0,522.2016806722689
0.7978142076502732,0.6426620370370371,147.0,40.71542197,-74.01121978,387.0,40.71273266,-74.0046073,0.0,0.0,632.477484028908,1.0,0.0,1990.0,1.0,74.0,0.0,0.0,4.0,322.4990723562152
0.33879781420765026,0.8842361111111111,453.0,40.74475148,-73.99915362,477.0,40.75640548,-73.9900262,6.0,2.0,1506.790821609459,1.0,0.0,1977.0,1.0,54.0,0.61,0.0,6.0,619.3971088435375
0.6584699453551912,0.9857407407407407,2017.0,40.75022392,-73.97121414,478.0,40.76030096,-73.99884222,1.0,2.0,2582.8478684104916,0.0,0.0,1983.0,1.0,80.0,0.0,0.0,2.4,996.0875486381323
