0.4726775956284153,0.2899421296296296,444.0,40.7423543,-73.98915076,519.0,40.751873,-73.977706,6.0,1.0,1431.7125812398338,1.0,1.0,1988.0,2.0,80.0,0.0,0.0,4.8,522.2016806722689
0.4726775956284153,0.8237384259259259,490.0,40.751551,-73.993934,459.0,40.746745,-74.007756,2.0,6.0,1281.1258203457237,1.0,1.0,1992.0,1.0,80.0,0.0,0.0,4.8,619.3971088435375
0.11202185792349727,0.3668865740740741,392.0,40.695065,-73.987167,435.0,40.74173969,-73.99415556,4.0,6.0,5223.3012660004715,1.0,1.0,1969.0,1.0,35.0,0.01,0.0,5.7,1653.389705882353
0.11202185792349727,0.6744675925925926,469.0,40.76344058,-73.98268129,173.0,40.76068327096592,-73.9845272898674,2.0,2.0,343.7658648035113,1.0,1.0,1971.0,1.0,35.0,0.01,0.0,5.7,322.4990723562152
0.7622950819672131,0.35944444444444446,519.0,40.751873,-73.977706,304.0,40.70463334,-74.01361706,1.0,0.0,6062.091142541097,1.0,1.0,1956.0,1.0,60.0,0.0,0.0,4.6,1850.300518134715
0.7622950819672131,0.4499537037037037,410.0,40.72066442,-73.98517977,461.0,40.73587678,-73.98205027,7.0,7.0,1711.9695250523373,1.0,0.0,1978.0,1.0,60.0,0.0,0.0,4.6,733.5054432348367
0.7622950819672131,0.702488425925926,444.0,40.7423543,-73.98915076,388.0,40.749717753,-74.002950346,6.0,6.0,1421.9101976534532,1.0,1.0,1979.0,1.0,60.0,0.0,0.0,4.6,619.3971088435375
0.5765027322404371,0.42140046296296296,420.0,40.68764484,-73.96968902,3222.0,40.685159599891776,-73.97711366415024,4.0,4.0,684.3107544959029,1.0,0.0,1978.0,1.0,77.0,1.09,0.0,4.2,322.4990723562152
0.5765027322404371,0.6405439814814815,174.0,40.7381765,-73.97738662,509.0,40.7454973,-74.00197139,1.0,6.0,2225.436766542312,1.0,0.0,1942.0,1.0,77.0,1.09,0.0,4.2,853.9102870813397
0.6693989071038251,0.5658680555555555,487.0,40.73314259,-73.97573881,379.0,40.749156,-73.9916,7.0,2.0,2226.2578125981395,1.0,0.0,1967.0,1.0,74.0,0.5,0.0,1.8,853.9102870813397
0.6693989071038251,0.569375,334.0,40.74238787,-73.99726235,253.0,40.73543934,-73.99453948,6.0,6.0,805.9786088918065,1.0,0.0,1978.0,1.0,74.0,0.5,0.0,1.8,322.4990723562152
0.6693989071038251,0.7107175925925926,491.0,40.74096374,-73.98602213,497.0,40.73704984,-73.99009296,6.0,6.0,554.1068637007392,1.0,1.0,1991.0,1.0,74.0,0.5,0.0,1.8,322.4990723562152
0.6693989071038251,0.7724189814814815,2002.0,40.716887,-73.963198,389.0,40.71044554,-73.96525063,3.0,3.0,736.8547754104569,1.0,1.0,1985.0,1.0,74.0,0.5,0.0,1.8,322.4990723562152
0.6693989071038251,0.8557407407407407,545.0,40.736502,-73.97809472,350.0,40.71559509,-73.9870295,7.0,7.0,2443.625492065496,1.0,0.0,1986.0,1.0,74.0,0.5,0.0,1.8,996.0875486381323
0.6229508196721312,0.3371527777777778,358.0,40.73291553,-74.00711384,327.0,40.7153379,-74.01658354,6.0,0.0,2111.176022510899,1.0,1.0,1985.0,1.0,84.0,0.0,0.0,2.9,853.9102870813397
0.6229508196721312,0.3622916666666667,229.0,40.72743423,-73.99379025,248.0,40.72185379,-74.00771779,7.0,0.0,1327.6048227163578,1.0,1.0,1954.0,1.0,84.0,0.0,0.0,2.9,522.2016806722689
0.21311475409836064,0.5573148148148148,347.0,40.728846,-74.008591,323.0,40.69236178,-73.98631746,6.0,4.0,4470.19613124993,1.0,0.0,1959.0,2.0,50.0,0.0,0.0,8.7,1653.389705882353
0.21311475409836064,0.32756944444444447,3147.0,40.77801203,-73.95407149,522.0,40.75714758,-73.97207836,5.0,1.0,2771.6636370224496,1.0,1.0,1976.0,1.0,50.0,0.0,0.0,8.7,1133.070038910506
