0.08743169398907104,0.8095949074074074,461.0,40.73587678,-73.98205027,345.0,40.73649403,-73.99704374,7.0,6.0,1265.136164789895,1.0,1.0,1986.0,1.0,52.0,0.01,0.0,5.9,619.3971088435375
0.9508196721311475,0.10877314814814815,467.0,40.68312489,-73.97895137,3335.0,40.6772744,-73.98282002,4.0,4.0,727.7585210166545,1.0,0.0,1981.0,1.0,39.0,0.0,0.0,4.0,322.4990723562152
0.9508196721311475,0.6173263888888889,319.0,40.711066,-74.009447,514.0,40.76087502,-74.00277668,0.0,2.0,5566.9514560942,1.0,0.0,1967.0,1.0,39.0,0.0,0.0,4.0,1850.300518134715
0.1885245901639344,0.7398263888888889,388.0,40.749717753,-74.002950346,503.0,40.73827428,-73.98751968,6.0,6.0,1819.0741903078763,1.0,1.0,1972.0,1.0,60.0,0.0,0.0,2.2,733.5054432348367
0.1885245901639344,0.29398148148148145,453.0,40.74475148,-73.99915362,3002.0,40.711512,-74.015756,6.0,0.0,3951.9708604741495,1.0,1.0,1963.0,1.0,60.0,0.0,0.0,2.2,1355.5140186915887
0.5983606557377049,0.4230902777777778,358.0,40.73291553,-74.00711384,494.0,40.74734825,-73.99723551,6.0,6.0,1807.8067344357955,0.0,0.0,1982.0,1.0,80.0,0.05,0.0,5.1,733.5054432348367
0.5983606557377049,0.5317361111111111,309.0,40.7149787,-74.013012,427.0,40.701907,-74.013942,0.0,0.0,1455.619019308468,0.0,0.0,1987.0,1.0,80.0,0.05,0.0,5.1,619.3971088435375
0.5983606557377049,0.9084375,3141.0,40.76500525,-73.95818491,3294.0,40.7835016,-73.955327,5.0,5.0,2070.7319602299995,0.0,0.0,1992.0,1.0,80.0,0.05,0.0,5.1,853.9102870813397
0.4016393442622951,0.34542824074074074,127.0,40.73172428,-74.00674436,250.0,40.72456089,-73.99565293,6.0,7.0,1227.9979291499492,1.0,1.0,1987.0,2.0,80.0,0.0,0.0,3.6,522.2016806722689
0.4016393442622951,0.7291898148148148,250.0,40.72456089,-73.99565293,293.0,40.73028666,-73.9907647,7.0,7.0,758.3060875259947,1.0,1.0,1981.0,1.0,80.0,0.0,0.0,3.6,322.4990723562152
0.4016393442622951,0.9167013888888889,529.0,40.7575699,-73.99098507,3167.0,40.77966809007312,-73.98093044757842,2.0,5.0,2599.005444587849,1.0,0.0,1972.0,1.0,80.0,0.0,0.0,3.6,996.0875486381323
0.040983606557377046,0.6734953703703703,442.0,40.746647,-73.993915,519.0,40.751873,-73.977706,6.0,1.0,1483.9310975980222,1.0,1.0,1963.0,1.0,42.0,0.0,0.0,5.2,619.3971088435375
