0.9426229508196722,0.8293865740740741,3171.0,40.78524672,-73.97667321,3434.0,40.79025417330419,-73.97718340158461,5.0,5.0,558.4576723907118,0.0,0.0,1961.0,1.0,32.0,0.0,0.0,6.1,322.4990723562152
0.03278688524590164,0.5050925925925925,82.0,40.71117416,-74.00016545,316.0,40.70955958,-74.00653609,0.0,0.0,566.184045842495,1.0,0.0,1974.0,1.0,34.0,0.0,0.0,6.1,322.4990723562152
0.03278688524590164,0.726087962962963,469.0,40.76344058,-73.98268129,514.0,40.76087502,-74.00277668,2.0,2.0,1716.3477770947825,1.0,1.0,1975.0,1.0,34.0,0.0,0.0,6.1,733.5054432348367
0.03278688524590164,0.8355439814814815,212.0,40.74334935,-74.00681753,293.0,40.73028666,-73.9907647,6.0,7.0,1984.709289717408,1.0,0.0,1987.0,1.0,34.0,0.0,0.0,6.1,853.9102870813397
0.03278688524590164,0.9956712962962962,302.0,40.72082834,-73.97793172,293.0,40.73028666,-73.9907647,7.0,7.0,1508.4976304843005,1.0,0.0,1988.0,2.0,34.0,0.0,0.0,6.1,619.3971088435375
0.5901639344262295,0.27725694444444443,499.0,40.76915505,-73.98191841,520.0,40.75992262,-73.97648516,2.0,1.0,1123.9609335418352,1.0,1.0,1988.0,1.0,73.0,0.0,0.0,2.8,475.4988038277512
0.5901639344262295,0.3911574074074074,488.0,40.75645824,-73.99372222,485.0,40.75038009,-73.98338988,2.0,1.0,1101.9304693438255,1.0,1.0,1982.0,2.0,73.0,0.0,0.0,2.8,475.4988038277512
0.5901639344262295,0.5644791666666666,499.0,40.76915505,-73.98191841,3134.0,40.76312584,-73.96526895,2.0,1.0,1554.1976818300288,1.0,0.0,1982.0,1.0,73.0,0.0,0.0,2.8,619.3971088435375
0.8989071038251366,0.7101504629629629,346.0,40.73652889,-74.00618026,3259.0,40.74937024193277,-73.99923384189606,6.0,6.0,1543.1622789372082,1.0,1.0,1981.0,1.0,43.0,0.03,0.0,4.5,619.3971088435375
0.18032786885245902,0.7181828703703703,3145.0,40.77862688,-73.95772073,3145.0,40.77862688,-73.95772073,5.0,5.0,0.0,0.0,0.0,1973.0,1.0,38.0,0.0,0.0,3.3,322.4990723562152
0.39344262295081966,0.43822916666666667,335.0,40.72903917,-73.99404649,284.0,40.7390169121,-74.0026376103,7.0,6.0,1324.7328292617726,1.0,0.0,1979.0,1.0,67.0,0.02,0.0,2.5,619.3971088435375
0.39344262295081966,0.6419560185185185,483.0,40.73223272,-73.98889957,310.0,40.68926942,-73.98912867,7.0,4.0,4777.339906320171,1.0,0.0,1984.0,1.0,67.0,0.02,0.0,2.5,1653.389705882353
0.5437158469945356,0.5254166666666666,445.0,40.72740794,-73.98142006,523.0,40.75466591,-73.99138152,7.0,2.0,3144.9912337149553,0.0,0.0,1993.0,1.0,82.0,0.0,0.0,2.7,1228.1894409937888
0.5437158469945356,0.6965046296296297,503.0,40.73827428,-73.98751968,461.0,40.73587678,-73.98205027,6.0,7.0,532.3754949772017,0.0,0.0,1976.0,1.0,82.0,0.0,0.0,2.7,322.4990723562152
