0.3633879781420765,0.39494212962962966,127.0,40.73172428,-74.00674436,3224.0,40.73997354103409,-74.00513872504234,6.0,6.0,927.1983476835576,1.0,1.0,1984.0,1.0,68.0,0.0,0.0,3.3,417.019801980198
0.3633879781420765,0.7079513888888889,252.0,40.73226398,-73.99852205,293.0,40.73028666,-73.9907647,6.0,7.0,689.6309703124384,1.0,1.0,1982.0,2.0,68.0,0.0,0.0,3.3,322.4990723562152
0.3633879781420765,0.8966666666666666,144.0,40.69839895,-73.98068914,481.0,40.71260486,-73.96264403,4.0,3.0,2192.9270428528243,1.0,0.0,1988.0,2.0,68.0,0.0,0.0,3.3,853.9102870813397
0.1092896174863388,0.6183680555555555,153.0,40.752062307,-73.9816324043,500.0,40.76228826,-73.98336183,1.0,2.0,1146.366538893797,1.0,0.0,1963.0,1.0,32.0,0.0,0.0,4.0,475.4988038277512
0.8688524590163934,0.46523148148148147,412.0,40.7158155,-73.99422366,412.0,40.7158155,-73.99422366,7.0,7.0,0.0,0.0,0.0,1967.0,1.0,51.0,0.0,0.0,5.4,322.4990723562152
0.8688524590163934,0.5006481481481482,546.0,40.74444921,-73.98303529,385.0,40.75797322,-73.96603308,1.0,1.0,2076.6806369171977,0.0,0.0,1984.0,2.0,51.0,0.0,0.0,5.4,853.9102870813397
0.8688524590163934,0.7327430555555555,330.0,40.71450451,-74.00562789,309.0,40.7149787,-74.013012,0.0,0.0,624.5774402847616,0.0,0.0,1993.0,1.0,51.0,0.0,0.0,5.4,322.4990723562152
0.8224043715846995,0.283125,3315.0,40.6847514,-73.99917254,143.0,40.69239502,-73.99337909,4.0,4.0,980.3022120714883,1.0,1.0,1971.0,1.0,48.0,1.41,0.0,5.2,417.019801980198
0.7295081967213115,0.75375,3256.0,40.7277140777778,-74.01129573583603,265.0,40.72229346,-73.99147535,0.0,7.0,1775.6744511504605,1.0,1.0,1989.0,1.0,76.0,0.01,0.0,1.8,733.5054432348367
0.7295081967213115,0.7737268518518519,500.0,40.76228826,-73.98336183,477.0,40.75640548,-73.9900262,2.0,2.0,861.9524819057424,1.0,1.0,1961.0,1.0,76.0,0.01,0.0,1.8,417.019801980198
0.5136612021857924,0.36283564814814817,344.0,40.6851443,-73.95380904,460.0,40.71285887,-73.96590294,4.0,3.0,3245.990740844355,1.0,1.0,1973.0,1.0,83.0,0.0,0.0,2.4,1228.1894409937888
0.5136612021857924,0.47251157407407407,173.0,40.76068327096592,-73.9845272898674,478.0,40.76030096,-73.99884222,2.0,2.0,1206.4111841910455,1.0,0.0,1971.0,1.0,83.0,0.0,0.0,2.4,619.3971088435375
0.319672131147541,0.5314814814814814,465.0,40.75513557,-73.98658032,517.0,40.751581,-73.97791,2.0,1.0,830.4227395784025,1.0,0.0,1987.0,1.0,54.0,0.24,0.0,7.2,417.019801980198
0.319672131147541,0.5933796296296296,472.0,40.7457121,-73.98194829,335.0,40.72903917,-73.99404649,1.0,7.0,2115.6829181746516,1.0,0.0,1957.0,2.0,54.0,0.24,0.0,7.2,853.9102870813397
0.319672131147541,0.7478703703703704,511.0,40.72938685,-73.97772429,503.0,40.73827428,-73.98751968,7.0,6.0,1287.5544513791829,1.0,1.0,1987.0,2.0,54.0,0.24,0.0,7.2,619.3971088435375
