0.7868852459016393,0.48508101851851854,445.0,40.72740794,-73.98142006,519.0,40.751873,-73.977706,7.0,1.0,2738.327628181362,1.0,0.0,1976.0,1.0,54.0,0.0,0.0,4.6,996.0875486381323
0.7868852459016393,0.7494907407407407,517.0,40.751581,-73.97791,3226.0,40.78275,-73.97137,1.0,5.0,3509.3243615496867,1.0,1.0,1990.0,1.0,54.0,0.0,0.0,4.6,1355.5140186915887
0.9371584699453552,0.375,494.0,40.74734825,-73.99723551,3258.0,40.75018156325683,-74.00218427181244,6.0,6.0,522.5363263116651,1.0,1.0,1987.0,2.0,40.0,0.0,0.0,0.0,322.4990723562152
0.9371584699453552,0.7641203703703704,281.0,40.7643971,-73.97371465,468.0,40.7652654,-73.98192338,1.0,2.0,698.0372252365531,1.0,1.0,1962.0,1.0,40.0,0.0,0.0,0.0,322.4990723562152
0.6939890710382514,0.584375,3147.0,40.77801203,-73.95407149,3290.0,40.7779453,-73.946041,5.0,5.0,676.2234572456128,0.0,0.0,1995.0,1.0,82.0,0.0,0.0,4.1,322.4990723562152
0.28415300546448086,0.9969444444444444,334.0,40.74238787,-73.99726235,490.0,40.751551,-73.993934,6.0,2.0,1056.7683945032143,1.0,0.0,1991.0,2.0,49.0,0.0,0.0,4.4,475.4988038277512
0.4344262295081967,0.5473611111111111,168.0,40.73971301,-73.99456405,505.0,40.74901271,-73.98848395,6.0,2.0,1153.9864213139012,1.0,0.0,1984.0,2.0,74.0,0.0,0.0,5.2,475.4988038277512
0.4344262295081967,0.6175578703703704,444.0,40.7423543,-73.98915076,253.0,40.73543934,-73.99453948,6.0,6.0,892.9406501185982,1.0,0.0,1982.0,1.0,74.0,0.0,0.0,5.2,417.019801980198
0.4344262295081967,0.9111921296296296,3222.0,40.685159599891776,-73.97711366415024,3049.0,40.68488,-73.96304,4.0,4.0,1187.093586748268,1.0,0.0,1992.0,1.0,74.0,0.0,0.0,5.2,475.4988038277512
0.4972677595628415,0.7543171296296296,476.0,40.74394314,-73.97966069,501.0,40.744219,-73.97121214,1.0,1.0,712.4077643021589,1.0,1.0,1984.0,1.0,76.0,0.0,0.0,2.8,322.4990723562152
0.4972677595628415,0.8681828703703703,355.0,40.71602118,-73.99974372,434.0,40.74317449,-74.00366443,0.0,6.0,3037.3310692284795,1.0,0.0,1980.0,2.0,76.0,0.0,0.0,2.8,1133.070038910506
0.23770491803278687,0.6982986111111111,434.0,40.74317449,-74.00366443,284.0,40.7390169121,-74.0026376103,6.0,6.0,470.3258523331874,0.0,0.0,1984.0,1.0,49.0,0.0,0.0,5.5,322.4990723562152
