0.2103825136612022,0.6917708333333333,536.0,40.74144387,-73.97536082,526.0,40.74765947,-73.98490707,1.0,1.0,1060.3979836365274,1.0,1.0,1989.0,1.0,54.0,0.0,0.0,5.0,475.4988038277512
0.2103825136612022,0.5297685185185185,284.0,40.7390169121,-74.0026376103,388.0,40.749717753,-74.002950346,6.0,6.0,1190.1708605581298,1.0,0.0,1959.0,1.0,54.0,0.0,0.0,5.0,475.4988038277512
0.5737704918032787,0.38208333333333333,3140.0,40.77140426,-73.9535166,2006.0,40.76590936,-73.97634151,5.0,1.0,2016.9454261658577,1.0,1.0,1988.0,2.0,85.0,0.0,0.0,3.1,853.9102870813397
0.5737704918032787,0.702037037037037,458.0,40.751396,-74.005226,509.0,40.7454973,-74.00197139,6.0,6.0,710.9002501195484,1.0,1.0,1970.0,1.0,85.0,0.0,0.0,3.1,322.4990723562152
0.5737704918032787,0.8347222222222223,3093.0,40.71745169,-73.95850939,3110.0,40.72708584,-73.95299117,3.0,3.0,1167.8498336321848,1.0,0.0,1988.0,2.0,85.0,0.0,0.0,3.1,475.4988038277512
0.5737704918032787,0.9164930555555556,330.0,40.71450451,-74.00562789,264.0,40.70706456,-74.00731853,0.0,0.0,839.4676541927297,1.0,0.0,1983.0,1.0,85.0,0.0,0.0,3.1,417.019801980198
0.6202185792349727,0.41283564814814816,470.0,40.74345335,-74.00004031,2004.0,40.724399,-74.004704,6.0,0.0,2154.8782521273247,0.0,0.0,1990.0,2.0,86.0,0.06,0.0,3.8,853.9102870813397
0.46994535519125685,0.6368171296296297,379.0,40.749156,-73.9916,435.0,40.74173969,-73.99415556,2.0,6.0,852.294959860339,1.0,0.0,1988.0,2.0,74.0,0.0,0.0,3.1,417.019801980198
0.7595628415300546,0.7483333333333333,3235.0,40.752165280621966,-73.97992193698882,3131.0,40.76712840349542,-73.96224617958069,1.0,5.0,2232.6363972320282,1.0,1.0,1986.0,1.0,64.0,0.0,0.0,7.5,853.9102870813397
0.7595628415300546,0.7737615740740741,518.0,40.74780373,-73.9734419,379.0,40.749156,-73.9916,1.0,2.0,1536.9986458004298,1.0,1.0,1971.0,1.0,64.0,0.0,0.0,7.5,619.3971088435375
0.9726775956284153,0.7711689814814815,3428.0,40.740983,-74.001702,3255.0,40.7505853470215,-73.9946848154068,6.0,2.0,1220.453467905356,1.0,1.0,1975.0,1.0,35.0,0.0,0.0,2.8,619.3971088435375
0.2568306010928962,0.7776273148148148,327.0,40.7153379,-74.01658354,439.0,40.7262807,-73.98978041,0.0,7.0,2565.699563518486,0.0,0.0,1992.0,1.0,42.0,0.09,0.0,12.7,996.0875486381323
