0.03825136612021858,0.40587962962962965,116.0,40.74177603,-74.00149746,336.0,40.73047747,-73.99906065,6.0,6.0,1273.0083096808785,1.0,1.0,1983.0,1.0,30.0,0.0,0.0,4.8,619.3971088435375
0.03825136612021858,0.581574074074074,347.0,40.728846,-74.008591,521.0,40.75096734871598,-73.99444207549095,6.0,2.0,2733.4058474783537,1.0,0.0,1964.0,1.0,30.0,0.0,0.0,4.8,996.0875486381323
0.03825136612021858,0.8271180555555555,3107.0,40.72311651,-73.95212324,3104.0,40.72057658,-73.96150225,3.0,3.0,839.3412102570913,1.0,1.0,1964.0,1.0,30.0,0.0,0.0,4.8,417.019801980198
0.9043715846994536,0.48939814814814814,435.0,40.74173969,-73.99415556,509.0,40.7454973,-74.00197139,6.0,6.0,779.8292328620099,0.0,0.0,1970.0,2.0,45.0,0.0,0.0,4.4,322.4990723562152
0.3989071038251366,0.3390740740740741,502.0,40.714215,-73.981346,268.0,40.71910537,-73.99973337,7.0,0.0,1642.3185746898323,1.0,1.0,1978.0,2.0,74.0,0.0,0.0,4.3,733.5054432348367
0.3989071038251366,0.3612037037037037,173.0,40.76068327096592,-73.9845272898674,466.0,40.74395411,-73.99144871,2.0,6.0,1949.423133269798,1.0,1.0,1979.0,1.0,74.0,0.0,0.0,4.3,853.9102870813397
0.3989071038251366,0.5227662037037037,285.0,40.73454567,-73.99074142,491.0,40.74096374,-73.98602213,6.0,6.0,816.9472587054785,1.0,0.0,1967.0,2.0,74.0,0.0,0.0,4.3,322.4990723562152
0.3989071038251366,0.6714930555555556,153.0,40.752062307,-73.9816324043,417.0,40.71291224,-74.01020234,1.0,0.0,4974.5520762283195,1.0,1.0,1964.0,1.0,74.0,0.0,0.0,4.3,1438.6754385964912
0.3989071038251366,0.7188078703703704,353.0,40.68539567,-73.97431458,238.0,40.7361967,-74.00859207,4.0,6.0,6344.785319730855,1.0,1.0,1964.0,2.0,74.0,0.0,0.0,4.3,1850.300518134715
0.5956284153005464,0.38479166666666664,3096.0,40.71924,-73.95242,3090.0,40.71774592,-73.95600096,3.0,3.0,344.49950801451973,1.0,1.0,1988.0,2.0,76.0,0.0,0.0,3.7,322.4990723562152
0.5956284153005464,0.47096064814814814,412.0,40.7158155,-73.99422366,366.0,40.693261,-73.968896,7.0,4.0,3293.6288536635484,1.0,0.0,1976.0,1.0,76.0,0.0,0.0,3.7,1228.1894409937888
0.5956284153005464,0.6908912037037037,3235.0,40.752165280621966,-73.97992193698882,490.0,40.751551,-73.993934,1.0,2.0,1182.2812954483597,1.0,1.0,1980.0,2.0,76.0,0.0,0.0,3.7,475.4988038277512
0.5956284153005464,0.7852199074074074,323.0,40.69236178,-73.98631746,3079.0,40.71103537,-73.94714303,4.0,3.0,3900.8933770212084,1.0,1.0,1981.0,1.0,76.0,0.0,0.0,3.7,1355.5140186915887
0.5956284153005464,0.8698032407407408,368.0,40.73038599,-74.00214988,382.0,40.73492695,-73.99200509,6.0,6.0,992.7878982612986,1.0,0.0,1983.0,1.0,76.0,0.0,0.0,3.7,417.019801980198
0.18579234972677597,0.7375578703703703,301.0,40.72217444,-73.98368779,250.0,40.72456089,-73.99565293,7.0,7.0,1042.649024028964,1.0,1.0,1973.0,1.0,57.0,0.0,0.0,3.3,475.4988038277512
0.9480874316939891,0.3796875,461.0,40.73587678,-73.98205027,3233.0,40.75724567911726,-73.97805914282799,7.0,1.0,2399.7827550323486,1.0,1.0,1992.0,1.0,40.0,0.5,0.0,6.2,996.0875486381323
0.24863387978142076,0.4029513888888889,3078.0,40.70925562,-73.95982218,486.0,40.7462009,-73.98855723,3.0,6.0,4768.62380516957,1.0,1.0,1981.0,1.0,61.0,0.0,0.9,6.6,1653.389705882353
0.24863387978142076,0.5427777777777778,473.0,40.72110063,-73.9919254,229.0,40.72743423,-73.99379025,7.0,7.0,721.5846710687207,1.0,0.0,1988.0,1.0,61.0,0.0,0.9,6.6,322.4990723562152
0.5491803278688525,0.6907407407407408,337.0,40.7037992,-74.00838676,291.0,40.713126,-73.984844,0.0,7.0,2239.080040420855,1.0,1.0,1968.0,1.0,78.0,0.0,0.0,4.9,853.9102870813397
0.5491803278688525,0.8071296296296296,3140.0,40.77140426,-73.9535166,281.0,40.7643971,-73.97371465,5.0,1.0,1870.935481905845,1.0,1.0,1996.0,1.0,78.0,0.0,0.0,4.9,733.5054432348367
0.5491803278688525,0.9119444444444444,325.0,40.73624527,-73.98473765,3135.0,40.77112927,-73.95772297,7.0,5.0,4497.114490405151,1.0,0.0,1959.0,1.0,78.0,0.0,0.0,4.9,1653.389705882353
0.4453551912568306,0.7639583333333333,3167.0,40.77966809007312,-73.98093044757842,3163.0,40.7734066,-73.97782542,5.0,5.0,743.718429132778,0.0,0.0,1988.0,2.0,74.0,0.0,0.0,3.4,322.4990723562152
