0.7404371584699454,0.4622685185185185,3282.0,40.78307,-73.95939,3314.0,40.7937704,-73.971888,5.0,5.0,1588.3325352005695,1.0,0.0,1971.0,2.0,69.0,0.22,0.0,3.1,619.3971088435375
0.8797814207650273,0.3240046296296296,3386.0,40.6809591,-73.99905709,143.0,40.69239502,-73.99337909,4.0,4.0,1358.7547117256665,1.0,1.0,1980.0,1.0,55.0,0.0,0.0,4.2,522.2016806722689
0.8797814207650273,0.591550925925926,427.0,40.701907,-74.013942,520.0,40.75992262,-73.97648516,0.0,1.0,7181.738065517918,1.0,0.0,1968.0,1.0,55.0,0.0,0.0,4.2,2192.5625
0.4207650273224044,0.647824074074074,415.0,40.7047177,-74.00926027,502.0,40.714215,-73.981346,0.0,7.0,2578.9890883050703,1.0,0.0,1963.0,1.0,70.0,0.0,0.0,4.7,996.0875486381323
0.4207650273224044,0.7916782407407408,279.0,40.707873,-74.00167,350.0,40.71559509,-73.9870295,0.0,7.0,1503.3348763399288,1.0,1.0,1988.0,1.0,70.0,0.0,0.0,4.7,619.3971088435375
0.4207650273224044,0.8019444444444445,3135.0,40.77112927,-73.95772297,3155.0,40.76440023,-73.96648977,5.0,5.0,1051.1589880743782,1.0,1.0,1994.0,1.0,70.0,0.0,0.0,4.7,475.4988038277512
0.3743169398907104,0.5299421296296296,523.0,40.75466591,-73.99138152,367.0,40.75828065,-73.97069431,2.0,1.0,1788.2244773975215,1.0,0.0,1985.0,1.0,54.0,0.0,0.0,0.0,733.5054432348367
0.3743169398907104,0.8238425925925926,486.0,40.7462009,-73.98855723,325.0,40.73624527,-73.98473765,6.0,7.0,1152.8376835058634,1.0,1.0,1959.0,1.0,54.0,0.0,0.0,0.0,475.4988038277512
0.22404371584699453,0.3804398148148148,83.0,40.68382604,-73.97632328,430.0,40.7014851,-73.98656928,4.0,4.0,2145.2124185755843,1.0,1.0,1986.0,1.0,46.0,0.0,0.0,6.9,853.9102870813397
0.22404371584699453,0.3597106481481481,383.0,40.735238,-74.000271,328.0,40.72405549,-74.00965965,6.0,0.0,1473.7725801345302,1.0,1.0,1982.0,2.0,46.0,0.0,0.0,6.9,522.2016806722689
