2016-12-01,03:39:01,493,40.7568001,-73.98291153,281,40.7643971,-73.97371465,1967,1
2016-12-01,10:01:36,3164,40.7770575,-73.97898475,3374,40.799484,-73.955613,1974,1
2016-12-01,15:11:21,2003,40.733812191966315,-73.98054420948029,387,40.71273266,-74.0046073,1984,1
2016-12-02,00:44:18,296,40.71413089,-73.9970468,307,40.71427487,-73.98990025,1996,1
2016-12-02,14:36:39,514,40.76087502,-74.00277668,3331,40.8013434,-73.9711457439,1962,1
2016-12-04,08:18:08,164,40.75323098,-73.97032517,402,40.7403432,-73.98955109,1990,2
2016-12-04,12:38:41,3151,40.7728384,-73.94989233,3305,40.78112229934166,-73.94965589046478,1973,1
2016-12-05,14:22:56,241,40.68981035,-73.97493121,3408,40.6881529,-73.99520919,1988,1
2016-12-05,15:29:21,450,40.76227205,-73.98788205,334,40.74238787,-73.99726235,1969,2
2016-12-06,07:56:33,3360,40.7829391,-73.9786517,469,40.76344058,-73.98268129,1968,1
2016-12-06,16:15:00,3167,40.77966809007312,-73.98093044757842,3171,40.78524672,-73.97667321,1970,1
2016-12-07,20:08:26,3427,40.72430527250332,-73.99600982666016,499,40.76915505,-73.98191841,1989,1
2016-12-08,09:00:00,494,40.74734825,-73.99723551,3258,40.75018156325683,-74.00218427181244,1987,2
2016-12-08,18:20:20,281,40.7643971,-73.97371465,468,40.7652654,-73.98192338,1962,1
2016-12-09,06:42:13,490,40.751551,-73.993934,450,40.76227205,-73.98788205,1979,1
2016-12-09,08:13:17,540,40.74311555376486,-73.98215353488922,402,40.7403432,-73.98955109,1966,1
2016-12-09,10:19:57,2002,40.716887,-73.963198,3098,40.71928,-73.94861,1980,1
2016-12-09,16:04:10,488,40.75645824,-73.99372222,284,40.7390169121,-74.0026376103,1956,1
2016-12-09,18:38:29,417,40.71291224,-74.01020234,307,40.71427487,-73.98990025,1952,2
2016-12-10,19:54:19,3171,40.78524672,-73.97667321,3434,40.79025417330419,-73.97718340158461,1961,1
2016-12-11,12:52:24,379,40.749156,-73.9916,428,40.72467721,-73.98783413,1989,1
2016-12-11,19:55:48,3110,40.72708584,-73.95299117,532,40.710451,-73.960876,1985,1
2016-12-12,09:06:45,461,40.73587678,-73.98205027,3233,40.75724567911726,-73.97805914282799,1992,1
2016-12-13,02:36:38,467,40.68312489,-73.97895137,3335,40.6772744,-73.98282002,1981,1
2016-12-13,14:48:57,319,40.711066,-74.009447,514,40.76087502,-74.00277668,1967,1
2016-12-14,17:08:39,484,40.75500254,-73.98014437,501,40.744219,-73.97121214,1963,2
2016-12-15,10:02:16,3258,40.75018156325683,-74.00218427181244,514,40.76087502,-74.00277668,1971,2
2016-12-15,13:23:52,540,40.74311555376486,-73.98215353488922,433,40.72955361,-73.98057249,1990,1
2016-12-15,17:43:20,3358,40.6711978,-73.97484126,3358,40.6711978,-73.97484126,1942,1
2016-12-15,18:17:01,3360,40.7829391,-73.9786517,3301,40.7919557,-73.968087,1980,1
2016-12-17,18:02:31,397,40.68415748,-73.96922273,353,40.68539567,-73.97431458,1981,2
2016-12-18,16:23:14,293,40.73028666,-73.9907647,285,40.73454567,-73.99074142,1985,1
2016-12-18,18:03:32,225,40.74195138,-74.00803013,458,40.751396,-74.005226,1985,2
2016-12-20,08:17:06,540,40.74311555376486,-73.98215353488922,466,40.74395411,-73.99144871,1989,1
2016-12-20,08:49:40,433,40.72955361,-73.98057249,229,40.72743423,-73.99379025,1987,1
2016-12-20,10:49:57,511,40.72938685,-73.97772429,285,40.73454567,-73.99074142,1994,2
2016-12-21,18:30:29,3428,40.740983,-74.001702,3255,40.7505853470215,-73.9946848154068,1975,1
2016-12-23,09:02:23,195,40.70905623,-74.01043382,534,40.70255065,-74.0127234,1985,1
2016-12-23,12:59:12,446,40.74487634,-73.99529885,253,40.73543934,-73.99453948,1963,1
2016-12-27,18:22:22,517,40.751581,-73.97791,527,40.744023,-73.976056,1973,1
2016-12-28,15:21:47,500,40.76228826,-73.98336183,492,40.75019995,-73.99093085,1990,1
2016-12-28,18:39:44,309,40.7149787,-74.013012,3002,40.711512,-74.015756,1983,1
2016-12-29,00:07:22,297,40.734232,-73.986923,355,40.71602118,-73.99974372,1996,1
