2015-02-01,15:21:00,502,40.714215,-73.981346,295,40.71406667,-73.99293911,1982,1
2015-02-04,15:23:00,237,40.73047309,-73.98672378,470,40.74345335,-74.00004031,1960,1
2015-02-04,16:28:00,212,40.74334935,-74.00681753,521,40.75044999,-73.99481051,1966,1
2015-02-07,14:11:00,229,40.72743423,-73.99379025,410,40.72066442,-73.98517977,1976,1
2015-02-10,14:48:00,245,40.69327018,-73.97703874,271,40.68528172,-73.97805813,1962,2
2015-02-11,19:27:00,328,40.72405549,-74.00965965,426,40.71754834,-74.01322069,1979,1
2015-02-18,17:09:00,510,40.7606597,-73.98042047,504,40.73221853,-73.98165557,1982,1
2015-02-18,20:38:00,251,40.72317958,-73.99480012,312,40.722055,-73.989111,1958,1
2015-02-20,08:11:00,487,40.73314259,-73.97573881,461,40.73587678,-73.98205027,1991,1
2015-02-20,09:00:00,492,40.75019995,-73.99093085,484,40.75500254,-73.98014437,1965,1
2015-02-20,19:07:00,249,40.71870987,-74.0090009,195,40.70905623,-74.01043382,1990,1
2015-02-24,11:58:00,375,40.72679454,-73.99695094,128,40.72710258,-74.00297088,1986,1
