2016-06-01,19:46:46,257,40.71939226,-74.00247214,161,40.72917025,-73.99810231,1942,1
2016-06-02,15:32:52,415,40.7047177,-74.00926027,502,40.714215,-73.981346,1963,1
2016-06-02,19:00:01,279,40.707873,-74.00167,350,40.71559509,-73.9870295,1988,1
2016-06-02,19:14:48,3135,40.77112927,-73.95772297,3155,40.76440023,-73.96648977,1994,1
2016-06-03,06:22:41,472,40.7457121,-73.98194829,293,40.73028666,-73.9907647,1973,1
2016-06-03,10:05:29,137,40.761628,-73.972924,3163,40.7734066,-73.97782542,1982,2
2016-06-03,18:28:54,479,40.76019252,-73.9912551,459,40.746745,-74.007756,1991,1
2016-06-04,00:17:20,3048,40.68402,-73.94977,397,40.68415748,-73.96922273,1983,2
2016-06-04,17:32:02,426,40.71754834,-74.01322069,327,40.7153379,-74.01658354,1957,1
2016-06-06,06:45:44,3230,40.751283596962296,-73.99692445993422,127,40.73172428,-74.00674436,1963,1
2016-06-06,09:07:48,376,40.70862144,-74.00722156,358,40.73291553,-74.00711384,1969,1
2016-06-06,09:46:00,397,40.68415748,-73.96922273,3041,40.67890679,-73.94142771,1991,2
2016-06-06,15:41:02,496,40.73726186,-73.99238967,280,40.73331967,-73.99510132,1986,2
2016-06-06,15:46:27,212,40.74334935,-74.00681753,358,40.73291553,-74.00711384,1984,2
2016-06-06,16:52:51,284,40.7390169121,-74.0026376103,488,40.75645824,-73.99372222,1964,1
2016-06-07,13:08:12,168,40.73971301,-73.99456405,505,40.74901271,-73.98848395,1984,2
2016-06-07,14:49:17,444,40.7423543,-73.98915076,253,40.73543934,-73.99453948,1982,1
2016-06-07,21:52:07,3222,40.685159599891776,-73.97711366415024,3049,40.68488,-73.96304,1992,1
2016-06-08,17:40:35,362,40.75172632,-73.98753523,250,40.72456089,-73.99565293,1986,1
2016-06-09,06:13:44,487,40.73314259,-73.97573881,440,40.75255434,-73.97282625,1976,1
2016-06-09,16:23:15,267,40.75097711,-73.98765428,519,40.751873,-73.977706,1964,1
2016-06-09,19:00:37,217,40.70277159,-73.99383605,2000,40.70255088,-73.98940236,1977,1
2016-06-09,19:04:03,276,40.71748752,-74.0104554,347,40.728846,-74.008591,1950,1
2016-06-10,07:37:06,289,40.6845683,-73.95881081,3222,40.685159599891776,-73.97711366415024,1985,1
2016-06-10,07:58:33,478,40.76030096,-73.99884222,352,40.76340613,-73.97722479,1985,1
2016-06-10,22:34:57,504,40.73221853,-73.98165557,503,40.73827428,-73.98751968,1995,2
2016-06-11,18:20:06,3167,40.77966809007312,-73.98093044757842,3163,40.7734066,-73.97782542,1988,2
2016-06-14,10:04:39,447,40.76370739,-73.9851615,480,40.76669671,-73.99061728,1979,1
2016-06-14,16:32:35,497,40.73704984,-73.99009296,150,40.7208736,-73.98085795,1984,2
2016-06-14,20:55:33,247,40.73535398,-74.00483091,307,40.71427487,-73.98990025,1974,2
2016-06-15,11:35:20,128,40.72710258,-74.00297088,248,40.72185379,-74.00771779,1968,2
