2016-09-14,10:14:56,498,40.74854862,-73.98808416,523,40.75466591,-73.99138152,1986,1
2016-09-14,12:46:37,529,40.7575699,-73.99098507,478,40.76030096,-73.99884222,1986,2
2016-09-14,20:01:47,494,40.74734825,-73.99723551,302,40.72082834,-73.97793172,1974,1
2016-09-15,08:10:34,528,40.74290902,-73.97706058,341,40.71782143,-73.97628939,1974,1
2016-09-15,15:27:00,332,40.71219906,-73.97948148,507,40.73912601,-73.97973776,1988,2
2016-09-15,15:46:46,331,40.71173107,-73.99193043,315,40.70355377,-74.00670227,1967,1
2016-09-15,23:32:20,285,40.73454567,-73.99074142,438,40.72779126,-73.98564945,1972,2
2016-09-16,08:42:54,362,40.75172632,-73.98753523,450,40.76227205,-73.98788205,1976,1
2016-09-16,08:48:01,531,40.71893904,-73.99266288,466,40.74395411,-73.99144871,1986,1
2016-09-17,11:33:25,3134,40.76312584,-73.96526895,460,40.71285887,-73.96590294,1984,1
2016-09-18,18:38:26,519,40.751873,-73.977706,248,40.72185379,-74.00771779,1983,1
2016-09-18,22:10:17,150,40.7208736,-73.98085795,150,40.7208736,-73.98085795,1981,1
2016-09-20,13:46:59,445,40.72740794,-73.98142006,285,40.73454567,-73.99074142,1969,2
2016-09-20,17:48:36,519,40.751873,-73.977706,482,40.73935542,-73.99931783,1985,1
2016-09-22,14:21:14,500,40.76228826,-73.98336183,477,40.75640548,-73.9900262,1969,1
2016-09-22,19:17:18,507,40.73912601,-73.97973776,326,40.72953837,-73.98426726,1992,1
2016-09-22,22:30:38,301,40.72217444,-73.98368779,445,40.72740794,-73.98142006,1970,1
2016-09-23,18:05:24,3256,40.7277140777778,-74.01129573583603,265,40.72229346,-73.99147535,1989,1
2016-09-23,18:34:10,500,40.76228826,-73.98336183,477,40.75640548,-73.9900262,1961,1
2016-09-24,12:34:32,488,40.75645824,-73.99372222,382,40.73492695,-73.99200509,1981,1
2016-09-24,14:01:27,3016,40.72036775298455,-73.96165072917938,410,40.72066442,-73.98517977,1978,1
2016-09-24,14:20:18,462,40.74691959,-74.00451887,327,40.7153379,-74.01658354,1979,1
2016-09-24,16:08:02,3090,40.71774592,-73.95600096,3100,40.724812564400175,-73.94752621650696,1980,1
2016-09-24,19:46:30,513,40.768254,-73.988639,3167,40.77966809007312,-73.98093044757842,1978,1
