2016-10-16,16:24:54,493,40.7568001,-73.98291153,468,40.7652654,-73.98192338,1989,1
2016-10-17,08:45:03,517,40.751581,-73.97791,195,40.70905623,-74.01043382,1964,1
2016-10-17,17:52:44,388,40.749717753,-74.002950346,82,40.71117416,-74.00016545,1966,1
2016-10-17,18:02:05,297,40.734232,-73.986923,491,40.74096374,-73.98602213,1973,1
2016-10-18,15:25:26,147,40.71542197,-74.01121978,387,40.71273266,-74.0046073,1990,1
2016-10-19,05:48:56,540,40.74311555376486,-73.98215353488922,456,40.7597108,-73.97402311,1994,1
2016-10-20,08:57:44,509,40.7454973,-74.00197139,435,40.74173969,-73.99415556,1965,1
2016-10-20,18:52:27,498,40.74854862,-73.98808416,253,40.73543934,-73.99453948,1984,2
2016-10-21,18:29:53,3082,40.71167351,-73.95141312,3073,40.70691254,-73.95441667,1978,1
2016-10-22,08:49:06,3415,40.6793307,-73.97519523,467,40.68312489,-73.97895137,1982,1
2016-10-22,15:02:08,168,40.73971301,-73.99456405,476,40.74394314,-73.97966069,1991,1
2016-10-23,02:44:57,358,40.73291553,-74.00711384,358,40.73291553,-74.00711384,1983,1
2016-10-23,15:16:02,3263,40.72923649910006,-73.99086803197861,472,40.7457121,-73.98194829,1990,1
2016-10-23,18:39:41,504,40.73221853,-73.98165557,237,40.73047309,-73.98672378,1995,1
2016-10-24,09:49:51,448,40.75660359,-73.9979009,434,40.74317449,-74.00366443,1989,1
2016-10-24,11:23:02,3404,40.6704922,-73.98541675,143,40.69239502,-73.99337909,1984,2
2016-10-24,17:08:36,496,40.73726186,-73.99238967,405,40.739323,-74.008119,1982,1
2016-10-24,19:05:36,3350,40.7973721,-73.97041192,3293,40.7921,-73.9739,1980,1
2016-10-25,18:07:21,251,40.72317958,-73.99480012,82,40.71117416,-74.00016545,1983,1
2016-10-25,21:02:28,360,40.70717936,-74.00887308,3429,40.68506807308177,-73.97790759801863,1970,1
2016-10-26,20:21:04,546,40.74444921,-73.98303529,426,40.71754834,-74.01322069,1990,2
2016-10-27,06:47:42,3315,40.6847514,-73.99917254,143,40.69239502,-73.99337909,1971,1
2016-10-28,18:28:06,3150,40.77536905,-73.94803392,3147,40.77801203,-73.95407149,1966,1
2016-10-29,13:37:39,3360,40.7829391,-73.9786517,3158,40.77163851,-73.98261428,1985,1
2016-10-29,14:13:34,509,40.7454973,-74.00197139,336,40.73047747,-73.99906065,1992,1
2016-10-29,23:06:38,491,40.74096374,-73.98602213,491,40.74096374,-73.98602213,1989,1
2016-10-30,12:44:04,3098,40.71928,-73.94861,3067,40.7016657,-73.9437303,1988,1
2016-10-30,13:16:54,445,40.72740794,-73.98142006,358,40.73291553,-74.00711384,1986,1
2016-10-30,13:21:56,450,40.76227205,-73.98788205,449,40.76461837,-73.98789473,1958,2
2016-10-30,14:21:10,3417,40.6795766,-73.97854971,397,40.68415748,-73.96922273,1985,1
2016-10-30,16:09:41,2021,40.75929124,-73.98859651,3427,40.72430527250332,-73.99600982666016,1961,1
2016-10-31,06:07:29,151,40.722103786686034,-73.99724900722504,152,40.71473993,-74.00910627,1981,1
2016-10-31,09:17:16,297,40.734232,-73.986923,284,40.7390169121,-74.0026376103,1992,1
2016-10-31,13:53:47,494,40.74734825,-73.99723551,495,40.76269882,-73.99301222,1957,1
