2016-02-01,19:25:49,461,40.73587678,-73.98205027,345,40.73649403,-73.99704374,1986,1
2016-02-02,07:37:29,363,40.70834698,-74.01713445,386,40.71494807,-74.00234482,1954,1
2016-02-03,07:53:51,3002,40.711512,-74.015756,363,40.70834698,-74.01713445,1958,2
2016-02-04,15:41:34,72,40.76727216,-73.99392888,328,40.72405549,-74.00965965,1975,1
2016-02-05,16:50:32,534,40.70255065,-74.0127234,417,40.71291224,-74.01020234,1980,1
2016-02-07,16:35:51,2008,40.70569254,-74.01677685,152,40.71473993,-74.00910627,1957,1
2016-02-07,16:36:31,496,40.73726186,-73.99238967,369,40.73224119,-74.00026394,1971,1
2016-02-08,08:56:46,503,40.73827428,-73.98751968,458,40.751396,-74.005226,1991,1
2016-02-08,16:23:47,497,40.73704984,-73.99009296,375,40.72679454,-73.99695094,1976,1
2016-02-09,14:50:27,153,40.752062307,-73.9816324043,500,40.76228826,-73.98336183,1963,1
2016-02-10,08:48:19,392,40.695065,-73.987167,435,40.74173969,-73.99415556,1969,1
2016-02-10,16:11:14,469,40.76344058,-73.98268129,173,40.76068327096592,-73.9845272898674,1971,1
2016-02-12,17:28:04,379,40.749156,-73.9916,477,40.75640548,-73.9900262,1979,1
2016-02-15,13:19:41,449,40.76461837,-73.98789473,479,40.76019252,-73.9912551,1979,1
2016-02-17,16:38:08,458,40.751396,-74.005226,254,40.73532427,-73.99800419,1987,1
2016-02-17,19:54:25,494,40.74734825,-73.99723551,521,40.75096734871598,-73.99444207549095,1958,1
2016-02-17,20:33:40,284,40.7390169121,-74.0026376103,212,40.74334935,-74.00681753,1969,1
2016-02-18,23:12:32,253,40.73543934,-73.99453948,237,40.73047309,-73.98672378,1996,2
2016-02-20,11:43:39,238,40.7361967,-74.00859207,494,40.74734825,-73.99723551,1984,1
2016-02-22,06:52:29,238,40.7361967,-74.00859207,195,40.70905623,-74.01043382,1967,1
2016-02-23,09:57:53,3110,40.72708584,-73.95299117,3101,40.72079821,-73.95484712,1989,2
2016-02-25,09:35:28,454,40.75455731,-73.96592976,465,40.75513557,-73.98658032,1972,1
2016-02-26,20:36:10,505,40.74901271,-73.98848395,160,40.748238,-73.978311,1969,1
2016-02-27,13:08:54,450,40.76227205,-73.98788205,474,40.7451677,-73.98683077,1959,2
2016-02-29,21:06:54,3176,40.77452835,-73.98753759,284,40.7390169121,-74.0026376103,1984,1
