2016-03-01,14:23:07,524,40.75527307,-73.98316936,477,40.75640548,-73.9900262,1956,1
2016-03-17,16:36:09,536,40.74144387,-73.97536082,526,40.74765947,-73.98490707,1989,1
2016-03-10,16:33:43,2010,40.72165481,-74.00234737,229,40.72743423,-73.99379025,1946,1
2016-03-10,17:56:53,3062,40.69539817,-73.94954908,397,40.68415748,-73.96922273,1989,2
2016-03-26,12:57:20,3073,40.70691254,-73.95441667,285,40.73454567,-73.99074142,1967,1
2016-03-31,09:40:15,3078,40.70925562,-73.95982218,486,40.7462009,-73.98855723,1981,1
2016-03-10,09:44:00,3082,40.71167351,-73.95141312,229,40.72743423,-73.99379025,1988,1
2016-03-02,08:04:49,3092,40.7190095,-73.95852515,321,40.69991755,-73.98971773,1963,1
2016-03-06,17:14:11,3145,40.77862688,-73.95772073,3145,40.77862688,-73.95772073,1973,1
2016-03-23,06:36:22,3145,40.77862688,-73.95772073,440,40.75255434,-73.97282625,1973,1
2016-03-18,07:51:42,3147,40.77801203,-73.95407149,522,40.75714758,-73.97207836,1976,1
2016-03-23,06:01:39,3147,40.77801203,-73.95407149,520,40.75992262,-73.97648516,1985,2
2016-03-26,09:26:06,3168,40.78472675,-73.96961715,477,40.75640548,-73.9900262,1982,2
2016-03-29,07:35:05,3222,40.685159599891776,-73.97711366415024,392,40.695065,-73.987167,1970,1
2016-03-05,18:18:59,3233,40.75724567911726,-73.97805914282799,513,40.768254,-73.988639,1982,1
