2015-09-01,08:14:21,379,40.749156,-73.9916,510,40.7606597,-73.98042047,1982,1
2015-09-02,05:25:44,529,40.7575699,-73.99098507,522,40.75714758,-73.97207836,1970,1
2015-09-02,06:30:48,385,40.75797322,-73.96603308,173,40.76064679,-73.98442659,1985,1
2015-09-02,17:32:34,300,40.728145,-73.990214,307,40.71427487,-73.98990025,1967,1
2015-09-03,06:55:24,521,40.75096734871598,-73.99444207549095,359,40.75510267,-73.97498696,1975,1
2015-09-03,07:41:45,462,40.74691959,-74.00451887,335,40.72903917,-73.99404649,1987,2
2015-09-03,14:05:58,537,40.74025878,-73.98409214,296,40.71413089,-73.9970468,1964,1
2015-09-03,15:29:47,445,40.72740794,-73.98142006,394,40.72521311,-73.97768752,1967,1
2015-09-03,17:02:04,127,40.73172428,-74.00674436,410,40.72066442,-73.98517977,1992,1
2015-09-03,18:15:56,417,40.71291224,-74.01020234,82,40.71117416,-74.00016545,1966,1
2015-09-03,18:31:39,212,40.74334935,-74.00681753,223,40.73781509,-73.99994661,1983,2
2015-09-04,18:54:50,428,40.72467721,-73.98783413,405,40.739323,-74.008119,1987,2
2015-09-05,14:36:30,315,40.70355377,-74.00670227,327,40.7153379,-74.01658354,1979,1
2015-09-06,18:20:07,521,40.75096734871598,-73.99444207549095,2006,40.76590936,-73.97634151,1979,1
2015-09-07,16:57:43,458,40.751396,-74.005226,505,40.74901271,-73.98848395,1980,1
2015-09-07,17:49:18,294,40.73049393,-73.9957214,527,40.744023,-73.976056,1992,1
2015-09-07,17:54:00,435,40.74173969,-73.99415556,482,40.73935542,-73.99931783,1988,2
2015-09-07,19:49:23,275,40.68650065,-73.96563307,3109,40.72606,-73.95621,1991,2
2015-09-07,22:03:38,481,40.71260486,-73.96264403,3083,40.71247661,-73.94100005,1966,1
2015-09-09,14:20:52,228,40.7546011026,-73.971878855,519,40.751873,-73.977706,1969,1
2015-09-09,16:37:44,488,40.75645824,-73.99372222,482,40.73935542,-73.99931783,1980,2
2015-09-09,18:41:16,495,40.76269882,-73.99301222,513,40.768254,-73.988639,1976,1
2015-09-11,14:02:52,526,40.74765947,-73.98490707,428,40.72467721,-73.98783413,1986,1
2015-09-11,21:31:12,445,40.72740794,-73.98142006,293,40.73028666,-73.9907647,1986,1
2015-09-12,10:50:14,127,40.73172428,-74.00674436,168,40.73971301,-73.99456405,1981,1
2015-09-13,16:53:09,416,40.68753406,-73.97265183,270,40.69308257,-73.97178913,1974,1
2015-09-15,16:30:42,3224,40.73997354103409,-74.00513872504234,147,40.71542197,-74.01121978,1971,2
2015-09-16,12:55:02,285,40.73454567,-73.99074142,438,40.72779126,-73.98564945,1975,1
2015-09-16,20:27:18,459,40.746745,-74.007756,382,40.73492695,-73.99200509,1989,1
2015-09-18,06:57:43,507,40.73912601,-73.97973776,499,40.76915505,-73.98191841,1988,1
