2015-11-20,00:41:10,512,40.7500727,-73.99839279,463,40.74206539,-74.00443172,1963,1
2015-11-20,12:26:58,293,40.73028666,-73.9907647,465,40.75513557,-73.98658032,1963,1
2015-11-20,16:44:17,433,40.72955361,-73.98057249,497,40.73704984,-73.99009296,1980,1
2015-11-21,15:49:12,446,40.74487634,-73.99529885,380,40.73401143,-74.00293877,1981,1
2015-11-22,19:52:07,3155,40.76440023,-73.96648977,3142,40.7612274,-73.96094022,1991,1
2015-11-23,10:43:10,295,40.71406667,-73.99293911,357,40.73261787,-73.99158043,1969,1
2015-11-23,17:16:07,546,40.74444921,-73.98303529,519,40.751873,-73.977706,1964,1
2015-11-23,17:25:34,173,40.76064679,-73.98442659,477,40.75640548,-73.9900262,1973,1
2015-11-24,08:57:02,3111,40.7258483,-73.95064893,3109,40.72606,-73.95621,1966,2
2015-11-25,18:25:01,308,40.71307916,-73.99851193,473,40.72110063,-73.9919254,1979,2
2015-11-28,11:29:40,433,40.72955361,-73.98057249,285,40.73454567,-73.99074142,1984,1
2015-11-28,12:09:03,489,40.75066386,-74.00176802,116,40.74177603,-74.00149746,1987,2
2015-11-28,12:44:31,301,40.72217444,-73.98368779,229,40.72743423,-73.99379025,1953,1
2015-11-29,17:48:30,503,40.73827428,-73.98751968,435,40.74173969,-73.99415556,1982,1
