2015-11-03,17:12:12,218,40.69028437,-73.98707105,365,40.68223166,-73.9614583,1970,2
2015-11-04,09:14:32,293,40.73028666,-73.9907647,519,40.751873,-73.977706,1974,2
2015-11-04,22:39:24,403,40.72502876,-73.99069656,301,40.72217444,-73.98368779,1978,1
2015-11-05,05:01:14,546,40.74444921,-73.98303529,146,40.71625008,-74.0091059,1991,2
2015-11-05,21:44:53,533,40.75299641,-73.98721619,435,40.74173969,-73.99415556,1965,1
2015-11-06,17:15:24,164,40.75323098,-73.97032517,461,40.73587678,-73.98205027,1986,1
2015-11-07,06:10:17,519,40.751873,-73.977706,515,40.76009437,-73.99461843,1981,1
2015-11-07,09:04:49,3167,40.77966809007312,-73.98093044757842,3170,40.78499979,-73.97283406,1977,1
2015-11-08,12:03:35,331,40.71173107,-73.99193043,284,40.7390169121,-74.0026376103,1985,2
2015-11-08,16:37:42,2003,40.733812191966315,-73.98054420948029,383,40.735238,-74.000271,1985,1
2015-11-09,08:35:57,334,40.74238787,-73.99726235,367,40.75828065,-73.97069431,1978,1
2015-11-09,14:23:55,492,40.75019995,-73.99093085,493,40.7568001,-73.98291153,1969,1
2015-11-09,16:41:32,533,40.75299641,-73.98721619,2017,40.75022392,-73.97121414,1996,1
2015-11-09,18:06:38,522,40.75714758,-73.97207836,475,40.73524276,-73.98758561,1983,1
2015-11-11,19:44:43,305,40.76095756,-73.96724467,522,40.75714758,-73.97207836,1984,1
2015-11-12,07:32:05,312,40.722055,-73.989111,336,40.73047747,-73.99906065,1987,2
2015-11-13,10:08:36,279,40.707873,-74.00167,303,40.72362738,-73.99949601,1970,1
2015-11-13,15:52:47,150,40.7208736,-73.98085795,504,40.73221853,-73.98165557,1982,1
2015-11-13,17:34:38,147,40.71542197,-74.01121978,442,40.746647,-73.993915,1958,1
2015-11-14,11:58:06,400,40.71926081,-73.98178024,303,40.72362738,-73.99949601,1991,2
2015-11-15,15:05:57,3168,40.78472675,-73.96961715,3136,40.76650452,-73.97147595,1976,1
2015-11-16,17:03:30,358,40.73291553,-74.00711384,426,40.71754834,-74.01322069,1957,2
2015-11-16,20:13:33,3222,40.685159599891776,-73.97711366415024,420,40.68764484,-73.96968902,1976,1
2015-11-17,07:42:10,417,40.71291224,-74.01020234,430,40.7014851,-73.98656928,1971,1
2015-11-17,14:15:07,335,40.72903917,-73.99404649,127,40.73172428,-74.00674436,1967,1
2015-11-17,18:58:05,285,40.73454567,-73.99074142,445,40.72740794,-73.98142006,1972,2
2015-11-17,19:10:37,482,40.73935542,-73.99931783,496,40.73726186,-73.99238967,1977,2
2015-11-17,19:46:40,3093,40.71745169,-73.95850939,481,40.71260486,-73.96264403,1990,1
2015-11-18,19:15:18,510,40.7606597,-73.98042047,521,40.75096734871598,-73.99444207549095,1960,1
2015-11-18,19:40:41,503,40.73827428,-73.98751968,229,40.72743423,-73.99379025,1975,1
