2015-07-22,09:03:50,417,40.71291224,-74.01020234,3002,40.711512,-74.015756,1967,1
2015-07-22,14:05:23,310,40.68926942,-73.98912867,368,40.73038599,-74.00214988,1974,2
2015-07-23,08:04:33,432,40.72621788,-73.98379855,488,40.75645824,-73.99372222,1983,2
2015-07-23,11:11:34,510,40.7606597,-73.98042047,517,40.751581,-73.97791,1948,1
2015-07-23,17:13:27,491,40.74096374,-73.98602213,402,40.7403432,-73.98955109,1967,1
2015-07-25,21:45:57,479,40.76019252,-73.9912551,394,40.72521311,-73.97768752,1988,1
2015-07-28,18:54:16,457,40.76695317,-73.98169333,401,40.72019576,-73.98997825,1986,1
2015-07-28,23:53:03,432,40.72621788,-73.98379855,361,40.71605866,-73.99190759,1988,2
2015-07-29,05:48:01,476,40.74394314,-73.97966069,498,40.74854862,-73.98808416,1984,1
2015-07-29,07:59:22,496,40.73726186,-73.99238967,303,40.72362738,-73.99949601,1980,1
2015-07-29,10:51:36,315,40.70355377,-74.00670227,260,40.70365182,-74.01167797,1965,1
2015-07-30,07:51:15,504,40.73221853,-73.98165557,167,40.7489006,-73.97604882,1992,1
2015-07-31,09:15:12,151,40.7218158,-73.99720307,486,40.7462009,-73.98855723,1980,1
2015-07-31,11:02:02,128,40.72710258,-74.00297088,369,40.73224119,-74.00026394,1978,1
