2015-08-19,20:00:13,355,40.71602118,-73.99974372,426,40.71754834,-74.01322069,1987,2
2015-08-20,18:39:05,347,40.728846,-74.008591,477,40.75640548,-73.9900262,1983,1
2015-08-21,05:35:38,449,40.76461837,-73.98789473,173,40.76064679,-73.98442659,1969,1
2015-08-21,08:55:34,461,40.73587678,-73.98205027,475,40.73524276,-73.98758561,1987,1
2015-08-21,13:22:56,83,40.68382604,-73.97632328,418,40.70224,-73.982578,1971,1
2015-08-24,08:08:27,239,40.69196566,-73.9813018,404,40.7405826,-74.00550867,1978,1
2015-08-24,17:42:13,294,40.73049393,-73.9957214,498,40.74854862,-73.98808416,1983,1
2015-08-25,17:26:00,281,40.7643971,-73.97371465,513,40.768254,-73.988639,1981,2
2015-08-26,17:41:46,167,40.7489006,-73.97604882,512,40.7500727,-73.99839279,1968,1
2015-08-27,11:19:21,382,40.73492695,-73.99200509,345,40.73649403,-73.99704374,1970,1
2015-08-27,14:29:57,466,40.74395411,-73.99144871,153,40.752062307,-73.9816324043,1988,2
2015-08-27,14:30:01,358,40.73291553,-74.00711384,404,40.7405826,-74.00550867,1977,2
2015-08-28,09:04:29,153,40.752062307,-73.9816324043,466,40.74395411,-73.99144871,1973,1
2015-08-28,17:16:33,369,40.73224119,-74.00026394,509,40.7454973,-74.00197139,1979,1
2015-08-28,22:22:22,414,40.70281858,-73.98765762,310,40.68926942,-73.98912867,1992,1
2015-08-29,10:47:46,445,40.72740794,-73.98142006,507,40.73912601,-73.97973776,1991,2
2015-08-30,11:53:11,83,40.68382604,-73.97632328,218,40.69028437,-73.98707105,1983,2
2015-08-30,15:25:38,223,40.73781509,-73.99994661,348,40.72490985,-74.00154702,1981,2
2015-08-31,17:20:23,3002,40.711512,-74.015756,347,40.728846,-74.008591,1965,1
2015-08-31,20:55:50,330,40.71450451,-74.00562789,116,40.74177603,-74.00149746,1986,1
