2016-11-18,14:32:25,229,40.72743423,-73.99379025,497,40.73704984,-73.99009296,1958,2
2016-11-20,23:06:36,520,40.75992262,-73.97648516,477,40.75640548,-73.9900262,1994,1
2016-11-23,08:01:34,487,40.73314259,-73.97573881,267,40.75097711,-73.98765428,1984,1
2016-11-24,17:02:37,346,40.73652889,-74.00618026,3259,40.74937024193277,-73.99923384189606,1981,1
2016-11-25,00:37:29,3177,40.7867947,-73.977112,3383,40.804213,-73.96699104,1994,2
2016-11-25,11:47:18,3301,40.7919557,-73.968087,3158,40.77163851,-73.98261428,1988,2
2016-11-26,11:44:44,435,40.74173969,-73.99415556,509,40.7454973,-74.00197139,1970,2
2016-11-28,17:34:05,305,40.76095756,-73.96724467,3176,40.77452835,-73.98753759,1982,1
2016-11-28,20:22:06,3140,40.77140426,-73.9535166,3285,40.78839,-73.9747,1963,1
2016-11-30,16:59:12,295,40.71406667,-73.99293911,343,40.69794,-73.96986848,1980,1
