2015-07-03,07:53:52,365,40.68223166,-73.9614583,274,40.68691865,-73.976682,1963,1
2015-07-03,08:52:57,417,40.71291224,-74.01020234,303,40.72362738,-73.99949601,1966,1
2015-07-03,14:44:12,296,40.71413089,-73.9970468,311,40.7172274,-73.98802084,1968,1
2015-07-04,22:30:56,341,40.71782143,-73.97628939,454,40.75455731,-73.96592976,1977,2
2015-07-06,19:56:54,414,40.70281858,-73.98765762,460,40.71285887,-73.96590294,1976,1
2015-07-07,08:46:46,280,40.73331967,-73.99510132,537,40.74025878,-73.98409214,1963,2
2015-07-07,19:15:17,516,40.75206862,-73.96784384,498,40.74854862,-73.98808416,1989,1
2015-07-08,22:22:45,459,40.746745,-74.007756,482,40.73935542,-73.99931783,1959,2
2015-07-09,17:35:27,309,40.7149787,-74.013012,537,40.74025878,-73.98409214,1970,1
2015-07-10,07:58:48,243,40.688226,-73.979382,241,40.68981035,-73.97493121,1977,1
2015-07-10,11:58:02,440,40.75255434,-73.97282625,455,40.75001986,-73.96905301,1977,1
2015-07-12,09:52:13,331,40.71173107,-73.99193043,412,40.7158155,-73.99422366,1962,1
2015-07-13,08:13:50,517,40.751581,-73.97791,503,40.73827428,-73.98751968,1962,1
2015-07-13,16:47:04,237,40.73047309,-73.98672378,237,40.73047309,-73.98672378,1994,1
2015-07-13,18:41:45,456,40.7597108,-73.97402311,433,40.72955361,-73.98057249,1983,2
2015-07-13,19:20:46,528,40.74290902,-73.97706058,394,40.72521311,-73.97768752,1982,1
2015-07-14,17:20:48,264,40.70706456,-74.00731853,490,40.751551,-73.993934,1973,1
2015-07-16,09:33:30,430,40.7014851,-73.98656928,250,40.72456089,-73.99565293,1976,1
2015-07-16,18:50:29,237,40.73047309,-73.98672378,2003,40.733812191966315,-73.98054420948029,1973,2
2015-07-20,05:58:48,116,40.74177603,-74.00149746,485,40.75038009,-73.98338988,1978,2
2015-07-20,18:36:23,315,40.70355377,-74.00670227,355,40.71602118,-73.99974372,1986,1
2015-07-21,00:16:15,475,40.73524276,-73.98758561,300,40.728145,-73.990214,1981,1
