2016-05-01,14:48:58,3164,40.7770575,-73.97898475,3175,40.77748046,-73.98288594,1987,1
2016-05-02,14:32:16,545,40.736502,-73.97809472,280,40.73331967,-73.99510132,1943,1
2016-05-03,21:13:18,453,40.74475148,-73.99915362,477,40.75640548,-73.9900262,1977,1
2016-05-04,11:26:13,357,40.73261787,-73.99158043,358,40.73291553,-74.00711384,1968,1
2016-05-04,17:12:24,387,40.71273266,-74.0046073,342,40.71739973,-73.98016555,1969,1
2016-05-04,19:52:12,293,40.73028666,-73.9907647,394,40.72521311,-73.97768752,1972,2
2016-05-05,16:32:52,519,40.751873,-73.977706,3147,40.77801203,-73.95407149,1988,1
2016-05-05,20:37:52,523,40.75466591,-73.99138152,472,40.7457121,-73.98194829,1991,1
2016-05-06,15:51:32,284,40.7390169121,-74.0026376103,509,40.7454973,-74.00197139,1991,1
2016-05-06,15:57:21,412,40.7158155,-73.99422366,502,40.714215,-73.981346,2000,1
2016-05-07,12:17:48,361,40.71605866,-73.99190759,310,40.68926942,-73.98912867,1982,1
2016-05-07,15:32:43,167,40.7489006,-73.97604882,3167,40.77966809007312,-73.98093044757842,1992,1
2016-05-09,05:38:18,3170,40.78499979,-73.97283406,352,40.76340613,-73.97722479,1993,1
2016-05-09,08:28:59,251,40.72317958,-73.99480012,362,40.75172632,-73.98753523,1987,1
2016-05-09,09:48:19,437,40.6809833854,-73.9500479759,313,40.69610226,-73.96751037,1979,1
2016-05-10,13:21:01,486,40.7462009,-73.98855723,153,40.752062307,-73.9816324043,1987,1
2016-05-10,16:58:47,446,40.74487634,-73.99529885,147,40.71542197,-74.01121978,1978,1
2016-05-11,08:08:13,511,40.72938685,-73.97772429,382,40.73492695,-73.99200509,1981,2
2016-05-11,21:18:03,249,40.71870987,-74.0090009,72,40.76727216,-73.99392888,1992,1
2016-05-12,09:28:43,127,40.73172428,-74.00674436,3224,40.73997354103409,-74.00513872504234,1984,1
2016-05-12,16:59:27,252,40.73226398,-73.99852205,293,40.73028666,-73.9907647,1982,2
2016-05-12,21:31:12,144,40.69839895,-73.98068914,481,40.71260486,-73.96264403,1988,2
2016-05-13,08:39:29,3164,40.7770575,-73.97898475,495,40.76269882,-73.99301222,1989,1
2016-05-14,10:01:23,3145,40.77862688,-73.95772073,3147,40.77801203,-73.95407149,1941,1
2016-05-14,14:15:40,212,40.74334935,-74.00681753,483,40.73223272,-73.98889957,1969,2
2016-05-15,16:23:40,3140,40.77140426,-73.9535166,3168,40.78472675,-73.96961715,1964,1
2016-05-15,18:13:35,3162,40.78339981,-73.98093133,3169,40.78720869,-73.98128127,1942,1
2016-05-16,12:43:07,523,40.75466591,-73.99138152,367,40.75828065,-73.97069431,1985,1
2016-05-16,19:46:20,486,40.7462009,-73.98855723,325,40.73624527,-73.98473765,1959,1
2016-05-17,07:03:56,387,40.71273266,-74.0046073,309,40.7149787,-74.013012,1968,1
2016-05-17,14:59:02,3140,40.77140426,-73.9535166,3231,40.76780080148132,-73.96592080593109,1958,1
2016-05-17,20:50:39,348,40.72490985,-74.00154702,377,40.72243797,-74.00566443,1995,1
2016-05-18,08:05:58,3167,40.77966809007312,-73.98093044757842,3145,40.77862688,-73.95772073,1975,2
2016-05-18,13:13:53,250,40.72456089,-73.99565293,385,40.75797322,-73.96603308,1980,1
2016-05-19,06:34:20,301,40.72217444,-73.98368779,250,40.72456089,-73.99565293,1975,2
2016-05-19,12:26:00,519,40.751873,-73.977706,510,40.7606597,-73.98042047,1969,1
