2016-07-01,08:40:21,268,40.71910537,-73.99973337,257,40.71939226,-74.00247214,1989,1
2016-07-01,10:17:54,469,40.76344058,-73.98268129,474,40.7451677,-73.98683077,1979,1
2016-07-01,14:53:03,508,40.76341379,-73.99667444,401,40.72019576,-73.98997825,1976,2
2016-07-02,13:00:23,501,40.744219,-73.97121214,326,40.72953837,-73.98426726,1992,2
2016-07-03,21:00:49,383,40.735238,-74.000271,383,40.735238,-74.000271,1969,1
2016-07-05,09:57:38,284,40.7390169121,-74.0026376103,358,40.73291553,-74.00711384,1986,1
2016-07-05,17:39:38,465,40.75513557,-73.98658032,461,40.73587678,-73.98205027,1991,1
2016-07-06,08:42:29,344,40.6851443,-73.95380904,460,40.71285887,-73.96590294,1973,1
2016-07-06,11:20:25,173,40.76068327096592,-73.9845272898674,478,40.76030096,-73.99884222,1971,1
2016-07-07,09:05:23,514,40.76087502,-74.00277668,173,40.76068327096592,-73.9845272898674,1958,1
2016-07-07,17:19:15,359,40.75510267,-73.97498696,515,40.76009437,-73.99461843,1972,1
2016-07-07,18:27:01,2003,40.733812191966315,-73.98054420948029,507,40.73912601,-73.97973776,1991,1
2016-07-08,10:09:24,3147,40.77801203,-73.95407149,3148,40.77565541,-73.95068615,1974,1
2016-07-08,15:16:40,499,40.76915505,-73.98191841,3147,40.77801203,-73.95407149,1968,1
2016-07-08,19:27:49,3242,40.69102925677968,-73.99183362722397,168,40.73971301,-73.99456405,1981,1
2016-07-08,22:39:45,280,40.73331967,-73.99510132,229,40.72743423,-73.99379025,1990,1
2016-07-09,19:37:15,482,40.73935542,-73.99931783,462,40.74691959,-74.00451887,1964,2
2016-07-10,09:37:26,363,40.70834698,-74.01713445,525,40.75594159,-74.0021163,1954,1
2016-07-10,11:31:42,416,40.68753406,-73.97265183,406,40.69512845,-73.99595065,1973,2
2016-07-11,02:48:35,151,40.722103786686034,-73.99724900722504,151,40.722103786686034,-73.99724900722504,1979,1
2016-07-11,07:35:52,434,40.74317449,-74.00366443,257,40.71939226,-74.00247214,1957,2
2016-07-11,11:21:39,337,40.7037992,-74.00838676,2008,40.70569254,-74.01677685,1966,1
2016-07-11,16:10:45,315,40.70355377,-74.00670227,458,40.751396,-74.005226,1987,2
2016-07-11,16:16:39,247,40.73535398,-74.00483091,284,40.7390169121,-74.0026376103,1981,1
2016-07-11,16:44:31,128,40.72710258,-74.00297088,151,40.722103786686034,-73.99724900722504,1997,1
2016-07-12,02:42:22,83,40.68382604,-73.97632328,455,40.75001986,-73.96905301,1991,2
2016-07-12,06:15:02,358,40.73291553,-74.00711384,476,40.74394314,-73.97966069,1989,2
2016-07-13,13:53:20,153,40.752062307,-73.9816324043,546,40.74444921,-73.98303529,1965,1
2016-07-15,00:31:54,444,40.7423543,-73.98915076,511,40.72938685,-73.97772429,1993,1
2016-07-15,06:37:28,3236,40.75898481399634,-73.99379968643188,534,40.70255065,-74.0127234,1985,1
2016-07-15,14:46:03,229,40.72743423,-73.99379025,417,40.71291224,-74.01020234,1981,1
