2015-04-01,09:32:56,128,40.72710258,-74.00297088,247,40.73535398,-74.00483091,1983,1
2015-04-02,18:18:49,507,40.73912601,-73.97973776,487,40.73314259,-73.97573881,1983,1
2015-04-07,18:42:31,476,40.74394314,-73.97966069,435,40.74173969,-73.99415556,1962,1
2015-04-08,14:47:08,530,40.771522,-73.990541,459,40.746745,-74.007756,1985,1
2015-04-13,17:16:20,312,40.722055,-73.989111,349,40.71850211,-73.98329859,1990,1
2015-04-13,22:33:37,404,40.7405826,-74.00550867,462,40.74691959,-74.00451887,1972,1
2015-04-15,11:38:38,250,40.72456089,-73.99565293,285,40.73454567,-73.99074142,1948,1
2015-04-15,18:13:12,151,40.7218158,-73.99720307,257,40.71939226,-74.00247214,1973,1
2015-04-16,12:51:52,441,40.756014,-73.967416,449,40.76461837,-73.98789473,1968,1
2015-04-16,18:20:52,434,40.74317449,-74.00366443,459,40.746745,-74.007756,1988,1
2015-04-19,15:10:51,260,40.70365182,-74.01167797,363,40.70834698,-74.01713445,1984,1
2015-04-19,20:28:24,356,40.71622644,-73.98261206,350,40.71559509,-73.9870295,1980,1
2015-04-21,18:26:48,251,40.72317958,-73.99480012,150,40.7208736,-73.98085795,1983,2
2015-04-23,07:53:43,254,40.73532427,-73.99800419,236,40.7284186,-73.98713956,1975,1
2015-04-23,20:41:20,334,40.74238787,-73.99726235,487,40.73314259,-73.97573881,1959,1
2015-04-25,13:19:29,301,40.72217444,-73.98368779,293,40.73028666,-73.9907647,1947,1
2015-04-26,22:46:05,254,40.73532427,-73.99800419,127,40.73172428,-74.00674436,1963,1
2015-04-27,06:11:09,326,40.72953837,-73.98426726,527,40.744023,-73.976056,1976,1
2015-04-29,07:19:18,368,40.73038599,-74.00214988,302,40.72082834,-73.97793172,1978,1
2015-04-29,17:45:02,385,40.75797322,-73.96603308,433,40.72955361,-73.98057249,1983,2
