2016-11-01,07:53:03,354,40.69363137,-73.96223558,344,40.6851443,-73.95380904,1977,2
2016-11-01,08:01:17,3168,40.78472675,-73.96961715,3428,40.740983,-74.001702,1985,1
2016-11-01,15:17:35,3141,40.76500525,-73.95818491,379,40.749156,-73.9916,1971,1
2016-11-01,17:30:54,3263,40.72923649910006,-73.99086803197861,394,40.72521311,-73.97768752,1985,1
2016-11-01,17:40:05,470,40.74345335,-74.00004031,435,40.74173969,-73.99415556,1974,1
2016-11-02,13:02:04,253,40.73543934,-73.99453948,426,40.71754834,-74.01322069,1976,1
2016-11-02,17:49:55,355,40.71602118,-73.99974372,253,40.73543934,-73.99453948,1968,1
2016-11-02,21:01:57,446,40.74487634,-73.99529885,475,40.73524276,-73.98758561,1984,2
2016-11-03,06:49:45,346,40.73652889,-74.00618026,328,40.72405549,-74.00965965,1990,1
2016-11-03,08:07:19,536,40.74144387,-73.97536082,3150,40.77536905,-73.94803392,1983,2
2016-11-03,14:43:46,444,40.7423543,-73.98915076,470,40.74345335,-74.00004031,1969,1
2016-11-03,17:36:26,470,40.74345335,-74.00004031,459,40.746745,-74.007756,1972,1
2016-11-03,17:41:38,474,40.7451677,-73.98683077,3263,40.72923649910006,-73.99086803197861,1955,1
2016-11-03,18:01:05,362,40.75172632,-73.98753523,491,40.74096374,-73.98602213,1989,1
2016-11-03,18:19:02,3164,40.7770575,-73.97898475,3164,40.7770575,-73.97898475,1966,1
2016-11-04,07:03:34,384,40.683048,-73.964915,3429,40.68506807308177,-73.97790759801863,1980,1
2016-11-04,07:31:44,3150,40.77536905,-73.94803392,3140,40.77140426,-73.9535166,1982,2
2016-11-04,17:45:39,497,40.73704984,-73.99009296,357,40.73261787,-73.99158043,1983,1
2016-11-05,09:24:55,525,40.75594159,-74.0021163,3162,40.78339981,-73.98093133,1984,1
2016-11-05,10:54:40,540,40.74311555376486,-73.98215353488922,446,40.74487634,-73.99529885,1993,1
2016-11-05,16:06:32,161,40.72917025,-73.99810231,2003,40.733812191966315,-73.98054420948029,1990,2
2016-11-06,10:51:28,3151,40.7728384,-73.94989233,441,40.756014,-73.967416,1975,0
2016-11-06,19:03:53,501,40.744219,-73.97121214,394,40.72521311,-73.97768752,1974,2
2016-11-09,09:03:07,3230,40.751283596962296,-73.99692445993422,459,40.746745,-74.007756,1986,1
2016-11-10,16:18:42,334,40.74238787,-73.99726235,497,40.73704984,-73.99009296,1968,1
2016-11-10,17:01:16,349,40.71850211,-73.98329859,3435,40.718822,-73.99596,1996,2
2016-11-10,18:43:08,3260,40.72706363348306,-73.99662137031554,416,40.68753406,-73.97265183,1981,1
2016-11-11,01:12:34,301,40.72217444,-73.98368779,335,40.72903917,-73.99404649,1992,1
2016-11-12,09:24:43,3161,40.7801839724239,-73.97728532552719,3175,40.77748046,-73.98288594,1989,1
2016-11-12,14:27:49,212,40.74334935,-74.00681753,266,40.72368361,-73.97574813,1978,1
2016-11-12,16:11:50,3132,40.76350532,-73.97109243,3288,40.778301,-73.9488134,1952,1
2016-11-12,16:24:44,3244,40.73143724085228,-73.99490341544151,475,40.73524276,-73.98758561,1979,1
2016-11-12,18:02:29,285,40.73454567,-73.99074142,3263,40.72923649910006,-73.99086803197861,1960,1
2016-11-12,19:30:17,3105,40.724055,-73.955736,3092,40.7190095,-73.95852515,1976,1
2016-11-13,11:09:56,412,40.7158155,-73.99422366,412,40.7158155,-73.99422366,1967,1
2016-11-13,12:00:56,546,40.74444921,-73.98303529,385,40.75797322,-73.96603308,1984,2
2016-11-13,17:35:09,330,40.71450451,-74.00562789,309,40.7149787,-74.013012,1993,1
2016-11-14,10:09:10,445,40.72740794,-73.98142006,385,40.75797322,-73.96603308,1993,1
2016-11-16,22:52:41,394,40.72521311,-73.97768752,325,40.73624527,-73.98473765,1988,1
2016-11-17,07:46:34,3386,40.6809591,-73.99905709,143,40.69239502,-73.99337909,1980,1
2016-11-17,14:11:50,427,40.701907,-74.013942,520,40.75992262,-73.97648516,1968,1
