2016-01-03,10:56:26,3143,40.77682863439968,-73.96388769149779,3168,40.78472675,-73.96961715,1976,1
2016-01-04,19:52:46,346,40.73652889,-74.00618026,496,40.73726186,-73.99238967,1981,1
2016-01-08,06:44:29,519,40.751873,-73.977706,3134,40.76312584,-73.96526895,1967,1
2016-01-08,08:07:56,3090,40.71774592,-73.95600096,539,40.71534825,-73.96024116,1986,1
2016-01-09,12:49:51,428,40.72467721,-73.98783413,335,40.72903917,-73.99404649,1956,1
2016-01-12,12:07:20,82,40.71117416,-74.00016545,316,40.70955958,-74.00653609,1974,1
2016-01-12,17:25:34,469,40.76344058,-73.98268129,514,40.76087502,-74.00277668,1975,1
2016-01-12,20:03:11,212,40.74334935,-74.00681753,293,40.73028666,-73.9907647,1987,1
2016-01-12,23:53:46,302,40.72082834,-73.97793172,293,40.73028666,-73.9907647,1988,2
2016-01-13,07:38:36,427,40.701907,-74.013942,3002,40.711512,-74.015756,1967,1
2016-01-13,12:46:57,312,40.722055,-73.989111,531,40.71893904,-73.99266288,1967,1
2016-01-14,09:44:28,116,40.74177603,-74.00149746,336,40.73047747,-73.99906065,1983,1
2016-01-14,13:57:28,347,40.728846,-74.008591,521,40.75096734871598,-73.99444207549095,1964,1
2016-01-14,19:51:03,3107,40.72311651,-73.95212324,3104,40.72057658,-73.96150225,1964,1
2016-01-15,16:09:50,442,40.746647,-73.993915,519,40.751873,-73.977706,1963,1
2016-01-16,14:31:12,459,40.746745,-74.007756,328,40.72405549,-74.00965965,1987,1
2016-01-17,23:49:13,432,40.72621788,-73.98379855,312,40.722055,-73.989111,1984,1
2016-01-19,00:19:24,127,40.73172428,-74.00674436,489,40.75066386,-74.00176802,1969,1
2016-01-21,08:06:48,3176,40.77452835,-73.98753759,173,40.76068327096592,-73.9845272898674,1966,1
2016-01-22,13:19:03,521,40.75096734871598,-73.99444207549095,137,40.761628,-73.972924,1958,1
2016-01-27,06:16:02,477,40.75640548,-73.9900262,167,40.7489006,-73.97604882,1966,1
2016-01-29,23:25:20,466,40.74395411,-73.99144871,237,40.73047309,-73.98672378,1968,1
2016-01-30,18:13:14,328,40.72405549,-74.00965965,147,40.71542197,-74.01121978,1993,1
