2016-09-26,09:18:57,387,40.71273266,-74.0046073,146,40.71625008,-74.0091059,1984,1
2016-09-26,12:11:30,453,40.74475148,-73.99915362,3428,40.740983,-74.001702,1970,1
2016-09-26,18:14:26,127,40.73172428,-74.00674436,494,40.74734825,-73.99723551,1954,1
2016-09-27,11:05:40,3282,40.78307,-73.95939,3314,40.7937704,-73.971888,1971,2
2016-09-28,10:40:44,385,40.75797322,-73.96603308,367,40.75828065,-73.97069431,1963,2
2016-09-28,12:58:29,461,40.73587678,-73.98205027,388,40.749717753,-74.002950346,1992,1
2016-09-28,17:31:40,459,40.746745,-74.007756,153,40.752062307,-73.9816324043,1970,1
2016-09-28,21:12:02,3167,40.77966809007312,-73.98093044757842,3166,40.78057799010334,-73.98562431335449,1994,2
2016-09-29,08:08:27,358,40.73291553,-74.00711384,477,40.75640548,-73.9900262,1985,2
2016-09-29,17:32:09,257,40.71939226,-74.00247214,519,40.751873,-73.977706,1977,1
