2016-05-19,19:29:41,254,40.73532427,-73.99800419,402,40.7403432,-73.98955109,1983,2
2016-05-20,08:16:50,519,40.751873,-73.977706,417,40.71291224,-74.01020234,1970,1
2016-05-20,17:44:02,402,40.7403432,-73.98955109,128,40.72710258,-74.00297088,1967,1
2016-05-20,18:53:07,3222,40.685159599891776,-73.97711366415024,241,40.68981035,-73.97493121,1969,1
2016-05-20,20:44:17,536,40.74144387,-73.97536082,487,40.73314259,-73.97573881,1981,2
2016-05-22,13:54:02,450,40.76227205,-73.98788205,3163,40.7734066,-73.97782542,1992,1
2016-05-22,13:55:32,225,40.74195138,-74.00803013,508,40.76341379,-73.99667444,1972,1
2016-05-22,16:59:19,3155,40.76440023,-73.96648977,3154,40.77314236,-73.95856158,1971,2
2016-05-22,20:44:38,463,40.74206539,-74.00443172,326,40.72953837,-73.98426726,1994,1
2016-05-23,10:31:03,335,40.72903917,-73.99404649,284,40.7390169121,-74.0026376103,1979,1
2016-05-23,15:24:25,483,40.73223272,-73.98889957,310,40.68926942,-73.98912867,1984,1
2016-05-24,12:33:15,382,40.73492695,-73.99200509,504,40.73221853,-73.98165557,1985,1
2016-05-24,13:28:07,268,40.71910537,-73.99973337,263,40.71729,-73.996375,1959,1
2016-05-24,16:59:41,306,40.70823502,-74.00530063,498,40.74854862,-73.98808416,1977,2
2016-05-24,17:26:28,3155,40.76440023,-73.96648977,3141,40.76500525,-73.95818491,1990,1
2016-05-25,08:08:16,502,40.714215,-73.981346,268,40.71910537,-73.99973337,1978,2
2016-05-25,08:40:08,173,40.76068327096592,-73.9845272898674,466,40.74395411,-73.99144871,1979,1
2016-05-25,12:32:47,285,40.73454567,-73.99074142,491,40.74096374,-73.98602213,1967,2
2016-05-25,16:06:57,153,40.752062307,-73.9816324043,417,40.71291224,-74.01020234,1964,1
2016-05-25,17:15:05,353,40.68539567,-73.97431458,238,40.7361967,-74.00859207,1964,2
2016-05-26,08:17:25,127,40.73172428,-74.00674436,250,40.72456089,-73.99565293,1987,2
2016-05-26,17:30:02,250,40.72456089,-73.99565293,293,40.73028666,-73.9907647,1981,1
2016-05-26,22:00:03,529,40.7575699,-73.99098507,3167,40.77966809007312,-73.98093044757842,1972,1
2016-05-27,15:14:07,402,40.7403432,-73.98955109,347,40.728846,-74.008591,1961,1
2016-05-28,14:57:26,257,40.71939226,-74.00247214,301,40.72217444,-73.98368779,1972,1
2016-05-30,09:53:37,409,40.6906495,-73.95643107,323,40.69236178,-73.98631746,1993,1
2016-05-30,11:58:44,475,40.73524276,-73.98758561,532,40.710451,-73.960876,1985,1
2016-05-30,17:48:13,483,40.73223272,-73.98889957,229,40.72743423,-73.99379025,1984,1
2016-05-31,07:56:51,476,40.74394314,-73.97966069,490,40.751551,-73.993934,1989,1
2016-05-31,08:58:07,297,40.734232,-73.986923,470,40.74345335,-74.00004031,1990,1
