2015-10-18,23:42:45,454,40.75455731,-73.96592976,236,40.7284186,-73.98713956,1985,1
2015-10-19,17:23:27,236,40.7284186,-73.98713956,501,40.744219,-73.97121214,1969,1
2015-10-20,06:22:33,477,40.75640548,-73.9900262,536,40.74144387,-73.97536082,1970,1
2015-10-20,07:30:02,497,40.73704984,-73.99009296,228,40.7546011026,-73.971878855,1978,1
2015-10-21,08:12:54,432,40.72621788,-73.98379855,348,40.72490985,-74.00154702,1986,2
2015-10-21,09:16:18,280,40.73331967,-73.99510132,300,40.728145,-73.990214,1994,2
2015-10-21,16:36:24,500,40.76228826,-73.98336183,529,40.7575699,-73.99098507,1974,1
2015-10-23,22:56:10,469,40.76344058,-73.98268129,530,40.771522,-73.990541,1966,1
2015-10-24,15:16:19,394,40.72521311,-73.97768752,326,40.72953837,-73.98426726,1967,2
2015-10-25,16:11:01,504,40.73221853,-73.98165557,540,40.74311555376486,-73.98215353488922,1993,1
2015-10-25,16:29:58,3159,40.77492513,-73.98266566,3140,40.77140426,-73.9535166,1969,1
2015-10-25,18:22:25,254,40.73532427,-73.99800419,475,40.73524276,-73.98758561,1991,1
2015-10-26,09:54:28,430,40.7014851,-73.98656928,2001,40.699773,-73.979927,1976,1
2015-10-26,12:18:04,3150,40.77536905,-73.94803392,3234,40.751593684511114,-73.98043155670166,1965,1
2015-10-27,13:32:25,293,40.73028666,-73.9907647,2010,40.72165481,-74.00234737,1982,1
2015-10-27,15:55:29,173,40.76064679,-73.98442659,3230,40.751283596962296,-73.99692445993422,1970,1
2015-10-27,18:48:31,510,40.7606597,-73.98042047,334,40.74238787,-73.99726235,1980,1
2015-10-28,08:42:47,2009,40.71117444,-73.99682619,355,40.71602118,-73.99974372,1974,1
2015-10-29,17:42:36,540,40.74311555376486,-73.98215353488922,266,40.72368361,-73.97574813,1988,1
2015-10-29,19:27:28,465,40.75513557,-73.98658032,383,40.735238,-74.000271,1982,2
2015-10-31,10:28:50,405,40.739323,-74.008119,435,40.74173969,-73.99415556,1989,1
