2015-06-02,08:22:00,517,40.751581,-73.97791,546,40.74444921,-73.98303529,1955,1
2015-06-02,22:02:00,426,40.71754834,-74.01322069,328,40.72405549,-74.00965965,1995,1
2015-06-03,12:43:00,459,40.746745,-74.007756,470,40.74345335,-74.00004031,1960,1
2015-06-04,12:14:00,435,40.74173969,-73.99415556,434,40.74317449,-74.00366443,1972,1
2015-06-05,18:03:00,494,40.74734825,-73.99723551,459,40.746745,-74.007756,1968,1
2015-06-05,22:13:00,497,40.73704984,-73.99009296,150,40.7208736,-73.98085795,1991,1
2015-06-07,17:33:00,423,40.76584941,-73.98690506,490,40.751551,-73.993934,1981,1
2015-06-09,11:53:00,341,40.71782143,-73.97628939,341,40.71782143,-73.97628939,1977,1
2015-06-09,15:37:00,309,40.7149787,-74.013012,546,40.74444921,-73.98303529,1968,1
2015-06-09,21:13:00,312,40.722055,-73.989111,223,40.73781509,-73.99994661,1958,1
2015-06-11,04:12:00,341,40.71782143,-73.97628939,265,40.72229346,-73.99147535,1993,2
2015-06-11,08:21:00,519,40.751873,-73.977706,503,40.73827428,-73.98751968,1984,1
2015-06-13,12:39:00,412,40.7158155,-73.99422366,128,40.72710258,-74.00297088,1950,2
2015-06-14,12:14:00,545,40.736502,-73.97809472,519,40.751873,-73.977706,1991,1
2015-06-14,14:11:00,463,40.74206539,-74.00443172,435,40.74173969,-73.99415556,1989,1
2015-06-16,21:11:00,137,40.761628,-73.972924,468,40.7652654,-73.98192338,1977,1
2015-06-17,09:15:00,322,40.696192,-73.991218,387,40.71273266,-74.0046073,1989,2
2015-06-17,09:59:00,442,40.746647,-73.993915,474,40.7451677,-73.98683077,1977,1
2015-06-17,16:35:00,341,40.71782143,-73.97628939,291,40.713126,-73.984844,1972,2
2015-06-18,18:51:00,250,40.72456089,-73.99565293,317,40.72453734,-73.98185424,1991,2
2015-06-19,11:08:00,444,40.7423543,-73.98915076,483,40.73223272,-73.98889957,1980,1
2015-06-19,11:25:00,285,40.73454567,-73.99074142,335,40.72903917,-73.99404649,1964,1
2015-06-19,20:49:00,499,40.76915505,-73.98191841,457,40.76695317,-73.98169333,1972,2
2015-06-20,19:11:00,301,40.72217444,-73.98368779,494,40.74734825,-73.99723551,1981,1
2015-06-24,08:28:00,545,40.736502,-73.97809472,546,40.74444921,-73.98303529,1975,1
2015-06-24,09:33:00,454,40.75455731,-73.96592976,497,40.73704984,-73.99009296,1986,1
2015-06-24,19:53:00,321,40.69991755,-73.98971773,282,40.70827295,-73.96834101,1988,1
2015-06-25,08:41:00,127,40.73172428,-74.00674436,503,40.73827428,-73.98751968,1968,1
2015-06-26,07:25:00,521,40.75096735,-73.99444208,327,40.7153379,-74.01658354,1968,1
2015-06-26,09:22:00,307,40.71427487,-73.98990025,504,40.73221853,-73.98165557,1987,2
2015-06-29,18:21:00,334,40.74238787,-73.99726235,252,40.73226398,-73.99852205,1981,1
2015-06-29,19:12:00,529,40.7575699,-73.99098507,479,40.76019252,-73.9912551,1974,1
2015-06-30,15:05:00,477,40.75640548,-73.9900262,174,40.7381765,-73.97738662,1970,2
