2016-04-22,17:16:26,477,40.75640548,-73.9900262,408,40.71076228,-73.99400398,1973,1
2016-04-24,13:17:34,3175,40.77748046,-73.98288594,309,40.7149787,-74.013012,1971,1
2016-04-25,09:04:11,3107,40.72311651,-73.95212324,3090,40.71774592,-73.95600096,1983,1
2016-04-25,15:38:05,3159,40.77492513,-73.98266566,173,40.76068327096592,-73.9845272898674,1953,1
2016-04-26,12:45:20,465,40.75513557,-73.98658032,517,40.751581,-73.97791,1987,1
2016-04-26,14:14:28,472,40.7457121,-73.98194829,335,40.72903917,-73.99404649,1957,2
2016-04-26,17:56:56,511,40.72938685,-73.97772429,503,40.73827428,-73.98751968,1987,2
2016-04-28,06:31:00,509,40.7454973,-74.00197139,510,40.7606597,-73.98042047,1965,1
2016-04-28,08:22:37,487,40.73314259,-73.97573881,147,40.71542197,-74.01121978,1966,1
2016-04-29,08:28:01,242,40.697787,-73.973736,441,40.756014,-73.967416,1968,1
2016-04-29,12:29:35,260,40.70365182,-74.01167797,376,40.70862144,-74.00722156,1983,1
2016-04-29,18:29:32,3233,40.75724567911726,-73.97805914282799,447,40.76370739,-73.9851615,1968,1
2016-04-30,20:40:00,3151,40.7728384,-73.94989233,2022,40.759107,-73.959223,1989,2
