2016-08-28,23:39:28,2017,40.75022392,-73.97121414,478,40.76030096,-73.99884222,1983,1
2016-08-29,13:59:14,3260,40.72706363348306,-73.99662137031554,3258,40.75018156325683,-74.00218427181244,1972,1
2016-08-29,17:59:15,490,40.751551,-73.993934,434,40.74317449,-74.00366443,1989,1
2016-08-30,09:14:45,446,40.74487634,-73.99529885,545,40.736502,-73.97809472,1964,1
2016-08-31,07:37:04,3171,40.78524672,-73.97667321,3226,40.78275,-73.97137,1975,1
2016-08-31,08:22:19,3145,40.77862688,-73.95772073,281,40.7643971,-73.97371465,1967,2
2016-08-31,11:35:31,482,40.73935542,-73.99931783,212,40.74334935,-74.00681753,1977,1
2016-08-31,12:31:31,323,40.69236178,-73.98631746,268,40.71910537,-73.99973337,1996,1
2016-08-31,15:54:15,526,40.74765947,-73.98490707,466,40.74395411,-73.99144871,1964,1
2016-08-31,18:45:46,368,40.73038599,-74.00214988,350,40.71559509,-73.9870295,1990,1
2016-08-31,18:56:55,454,40.75455731,-73.96592976,3351,40.7869946,-73.94164802,1991,1
