2015-01-03,13:05:00,433,40.72955361,-73.98057249,394,40.72521311,-73.97768752,1991,2
2015-01-05,16:01:00,520,40.75992262,-73.97648516,379,40.749156,-73.9916,1963,1
2015-01-07,09:49:00,327,40.7153379,-74.01658354,387,40.71273266,-74.0046073,1968,1
2015-01-10,21:31:00,2002,40.716887,-73.963198,481,40.71260486,-73.96264403,1979,1
2015-01-13,18:05:00,477,40.75640548,-73.9900262,318,40.75320159,-73.9779874,1978,1
2015-01-15,06:51:00,263,40.71729,-73.996375,475,40.73524276,-73.98758561,1984,1
2015-01-15,17:02:00,353,40.68539567,-73.97431458,437,40.68098339,-73.95004798,1978,1
2015-01-16,13:52:00,237,40.73047309,-73.98672378,426,40.71754834,-74.01322069,1965,1
2015-01-21,14:13:00,164,40.75323098,-73.97032517,466,40.74395411,-73.99144871,1974,1
2015-01-23,09:19:00,493,40.7568001,-73.98291153,164,40.75323098,-73.97032517,1983,1
2015-01-30,14:47:00,161,40.72917025,-73.99810231,377,40.72243797,-74.00566443,1963,1
