2015-05-01,19:01:06,446,40.74487634,-73.99529885,438,40.72779126,-73.98564945,1988,1
2015-05-03,17:41:14,2006,40.76590936,-73.97634151,497,40.73704984,-73.99009296,1970,1
2015-05-04,09:47:53,533,40.75299641,-73.98721619,146,40.71625008,-74.0091059,1960,1
2015-05-04,17:49:31,312,40.722055,-73.989111,408,40.71076228,-73.99400398,1969,2
2015-05-06,14:58:58,252,40.73226398,-73.99852205,438,40.72779126,-73.98564945,1980,2
2015-05-07,18:02:57,498,40.74854862,-73.98808416,453,40.74475148,-73.99915362,1984,1
2015-05-08,07:31:29,293,40.73028666,-73.9907647,456,40.7597108,-73.97402311,1965,1
2015-05-09,09:10:21,72,40.76727216,-73.99392888,225,40.74195138,-74.00803013,1969,1
2015-05-09,13:12:47,513,40.768254,-73.988639,453,40.74475148,-73.99915362,1985,2
2015-05-10,09:06:52,511,40.72938685,-73.97772429,297,40.734232,-73.986923,1993,1
2015-05-11,08:03:39,467,40.68312489,-73.97895137,467,40.68312489,-73.97895137,1969,1
2015-05-11,19:41:43,151,40.7218158,-73.99720307,503,40.73827428,-73.98751968,1976,1
2015-05-12,08:33:58,529,40.7575699,-73.99098507,457,40.76695317,-73.98169333,1971,1
2015-05-12,23:47:03,265,40.72229346,-73.99147535,128,40.72710258,-74.00297088,1974,1
2015-05-13,17:10:24,474,40.7451677,-73.98683077,477,40.75640548,-73.9900262,1965,1
2015-05-13,17:48:59,2021,40.75929124,-73.98859651,490,40.751551,-73.993934,1966,1
2015-05-13,18:40:24,387,40.71273266,-74.0046073,415,40.7047177,-74.00926027,1961,2
2015-05-14,15:40:39,386,40.71494807,-74.00234482,417,40.71291224,-74.01020234,1950,1
2015-05-14,22:17:31,489,40.75066386,-74.00176802,495,40.76269882,-73.99301222,1986,2
2015-05-15,21:37:55,387,40.71273266,-74.0046073,412,40.7158155,-73.99422366,1990,1
2015-05-16,14:31:07,331,40.71173107,-73.99193043,410,40.72066442,-73.98517977,1989,1
2015-05-16,15:37:28,497,40.73704984,-73.99009296,528,40.74290902,-73.97706058,1956,2
2015-05-16,20:25:09,335,40.72903917,-73.99404649,300,40.728145,-73.990214,1996,1
2015-05-19,10:22:18,471,40.71286844,-73.95698119,128,40.72710258,-74.00297088,1987,2
2015-05-21,07:54:53,447,40.76370739,-73.9851615,472,40.7457121,-73.98194829,1985,1
2015-05-22,15:57:06,308,40.71307916,-73.99851193,497,40.73704984,-73.99009296,1971,1
2015-05-22,16:24:34,327,40.7153379,-74.01658354,237,40.73047309,-73.98672378,1963,1
