2016-09-01,13:34:51,487,40.73314259,-73.97573881,379,40.749156,-73.9916,1967,1
2016-09-01,13:39:54,334,40.74238787,-73.99726235,253,40.73543934,-73.99453948,1978,1
2016-09-01,17:03:26,491,40.74096374,-73.98602213,497,40.73704984,-73.99009296,1991,1
2016-09-01,18:32:17,2002,40.716887,-73.963198,389,40.71044554,-73.96525063,1985,1
2016-09-01,20:32:16,545,40.736502,-73.97809472,350,40.71559509,-73.9870295,1986,1
2016-09-02,20:19:17,3141,40.76500525,-73.95818491,3155,40.76440023,-73.96648977,1974,2
2016-09-04,02:29:33,546,40.74444921,-73.98303529,527,40.744023,-73.976056,1976,1
2016-09-04,18:03:34,446,40.74487634,-73.99529885,3175,40.77748046,-73.98288594,1975,1
2016-09-05,16:47:58,334,40.74238787,-73.99726235,402,40.7403432,-73.98955109,1959,1
2016-09-05,18:55:26,435,40.74173969,-73.99415556,426,40.71754834,-74.01322069,1984,2
2016-09-06,07:51:01,3236,40.75898481399634,-73.99379968643188,492,40.75019995,-73.99093085,1987,2
2016-09-06,09:00:50,173,40.76068327096592,-73.9845272898674,479,40.76019252,-73.9912551,1979,1
2016-09-06,14:23:46,509,40.7454973,-74.00197139,380,40.73401143,-74.00293877,1970,1
2016-09-07,07:12:16,492,40.75019995,-73.99093085,522,40.75714758,-73.97207836,1968,1
2016-09-07,09:01:49,3155,40.76440023,-73.96648977,518,40.74780373,-73.9734419,1987,2
2016-09-07,12:09:43,280,40.73331967,-73.99510132,514,40.76087502,-74.00277668,1960,1
2016-09-07,19:17:37,161,40.72917025,-73.99810231,462,40.74691959,-74.00451887,1980,1
2016-09-07,19:20:25,79,40.71911552,-74.00666661,263,40.717590818059804,-73.99622440338135,1993,2
2016-09-07,19:44:34,3167,40.77966809007312,-73.98093044757842,3289,40.79017948095081,-73.97288918495178,1975,1
2016-09-07,20:00:43,3103,40.72153267,-73.95782357,3115,40.73232194,-73.9550858,1982,1
2016-09-08,18:31:15,119,40.69608941,-73.97803415,3246,40.694281141397326,-73.99230033159256,1984,1
2016-09-08,19:59:07,72,40.76727216,-73.99392888,532,40.710451,-73.960876,1988,1
2016-09-09,13:43:28,440,40.75255434,-73.97282625,173,40.76068327096592,-73.9845272898674,1987,1
2016-09-09,22:15:36,3339,40.6765304,-73.97846879,361,40.71605866,-73.99190759,1992,1
2016-09-10,14:01:30,3147,40.77801203,-73.95407149,3290,40.7779453,-73.946041,1995,1
2016-09-11,09:01:08,515,40.76009437,-73.99461843,434,40.74317449,-74.00366443,1985,1
2016-09-11,11:24:33,382,40.73492695,-73.99200509,2010,40.72165481,-74.00234737,1964,1
2016-09-12,07:18:52,3298,40.686371,-73.99383324,391,40.69760127,-73.99344559,1985,1
2016-09-12,11:01:01,359,40.75510267,-73.97498696,281,40.7643971,-73.97371465,1967,1
2016-09-12,17:14:56,228,40.7546011026,-73.971878855,537,40.74025878,-73.98409214,1990,1
2016-09-12,17:38:19,546,40.74444921,-73.98303529,503,40.73827428,-73.98751968,1960,2
2016-09-12,19:33:51,252,40.73226398,-73.99852205,3265,40.7245634290432,-73.9894437789917,1977,2
2016-09-12,19:45:46,3242,40.69102925677968,-73.99183362722397,3382,40.680611,-73.99475825,1983,1
2016-09-12,21:48:10,3418,40.6750207,-73.97111473,3423,40.6610633719006,-73.97945255041122,1983,1
2016-09-13,13:36:11,479,40.76019252,-73.9912551,438,40.72779126,-73.98564945,1958,1
2016-09-14,06:53:58,253,40.73543934,-73.99453948,317,40.72453734,-73.98185424,1986,2
