2015-12-06,15:37:00,137,40.761628,-73.972924,3132,40.76350532,-73.97109243,1995,2
2015-12-14,09:08:16,225,40.74195138,-74.00803013,417,40.71291224,-74.01020234,1970,1
2015-12-07,15:48:25,250,40.72456089,-73.99565293,483,40.73223272,-73.98889957,1969,1
2015-12-10,15:34:08,280,40.73331967,-73.99510132,476,40.74394314,-73.97966069,1953,1
2015-12-07,07:05:01,300,40.728145,-73.990214,531,40.71893904,-73.99266288,1982,1
2015-12-15,17:07:32,304,40.70463334,-74.01361706,417,40.71291224,-74.01020234,1978,1
2015-12-21,11:31:20,310,40.68926942,-73.98912867,261,40.69474881,-73.98362464,1981,2
2015-12-18,14:42:16,326,40.72953837,-73.98426726,545,40.736502,-73.97809472,1967,2
2015-12-03,22:11:39,327,40.7153379,-74.01658354,2009,40.71117444,-73.99682619,1978,1
2015-12-22,08:08:14,340,40.71269042,-73.98776323,128,40.72710258,-74.00297088,1976,1
2015-12-10,12:41:35,358,40.73291553,-74.00711384,334,40.74238787,-73.99726235,1962,1
2015-12-02,20:54:30,375,40.72679454,-73.99695094,380,40.73401143,-74.00293877,1987,1
2015-12-12,22:41:54,380,40.73401143,-74.00293877,168,40.73971301,-73.99456405,1984,1
2015-12-15,07:13:07,401,40.72019576,-73.98997825,2006,40.76590936,-73.97634151,1986,1
2015-12-07,11:59:13,420,40.68764484,-73.96968902,364,40.68900443,-73.96023854,1956,2
2015-12-18,21:11:55,432,40.72621788,-73.98379855,383,40.735238,-74.000271,1995,1
2015-12-21,14:38:47,433,40.72955361,-73.98057249,505,40.74901271,-73.98848395,1985,1
2015-12-16,17:55:55,444,40.7423543,-73.98915076,379,40.749156,-73.9916,1955,1
2015-12-16,17:43:05,465,40.75513557,-73.98658032,336,40.73047747,-73.99906065,1961,1
2015-12-31,13:25:08,472,40.7457121,-73.98194829,320,40.717571,-74.005549,1977,1
2015-12-04,18:02:26,519,40.751873,-73.977706,472,40.7457121,-73.98194829,1970,1
2015-12-24,08:44:00,521,40.75096734871598,-73.99444207549095,520,40.75992262,-73.97648516,1988,1
2015-12-07,09:05:11,523,40.75466591,-73.99138152,195,40.70905623,-74.01043382,1987,1
2015-12-21,15:23:13,527,40.744023,-73.976056,526,40.74765947,-73.98490707,1989,1
2015-12-26,19:48:25,545,40.736502,-73.97809472,453,40.74475148,-73.99915362,1992,1
2015-12-10,06:52:49,546,40.74444921,-73.98303529,379,40.749156,-73.9916,1974,1
