2015-10-02,17:56:03,521,40.75096734871598,-73.99444207549095,435,40.74173969,-73.99415556,1962,1
2015-10-03,12:56:06,402,40.7403432,-73.98955109,335,40.72903917,-73.99404649,1989,2
2015-10-03,18:23:05,435,40.74173969,-73.99415556,300,40.728145,-73.990214,1964,1
2015-10-05,09:40:19,296,40.71413089,-73.9970468,146,40.71625008,-74.0091059,1960,1
2015-10-05,22:32:27,383,40.735238,-74.000271,336,40.73047747,-73.99906065,1983,1
2015-10-07,07:41:39,497,40.73704984,-73.99009296,116,40.74177603,-74.00149746,1979,1
2015-10-07,07:48:01,401,40.72019576,-73.98997825,537,40.74025878,-73.98409214,1986,1
2015-10-07,13:36:51,330,40.71450451,-74.00562789,3002,40.711512,-74.015756,1970,1
2015-10-07,15:02:34,3132,40.76350532,-73.97109243,492,40.75019995,-73.99093085,1972,1
2015-10-07,15:40:50,361,40.71605866,-73.99190759,340,40.71269042,-73.98776323,1975,2
2015-10-07,18:41:09,335,40.72903917,-73.99404649,487,40.73314259,-73.97573881,1963,1
2015-10-08,14:41:27,446,40.74487634,-73.99529885,453,40.74475148,-73.99915362,1958,1
2015-10-08,15:19:52,447,40.76370739,-73.9851615,318,40.75320159,-73.9779874,1986,1
2015-10-08,19:10:21,250,40.72456089,-73.99565293,152,40.71473993,-74.00910627,1984,1
2015-10-08,19:52:54,328,40.72405549,-74.00965965,336,40.73047747,-73.99906065,1979,1
2015-10-09,17:06:04,401,40.72019576,-73.98997825,412,40.7158155,-73.99422366,1981,1
2015-10-10,01:23:14,369,40.73224119,-74.00026394,401,40.72019576,-73.98997825,1987,1
2015-10-12,10:54:00,3075,40.70708701,-73.95796783,313,40.69610226,-73.96751037,1982,1
2015-10-13,09:18:16,3230,40.751283596962296,-73.99692445993422,489,40.75066386,-74.00176802,1976,1
2015-10-13,12:53:31,488,40.75645824,-73.99372222,405,40.739323,-74.008119,1977,1
2015-10-13,17:23:56,2004,40.724399,-74.004704,295,40.71406667,-73.99293911,1966,1
2015-10-13,20:37:42,517,40.751581,-73.97791,432,40.72621788,-73.98379855,1989,1
2015-10-14,14:30:12,524,40.75527307,-73.98316936,477,40.75640548,-73.9900262,1968,1
2015-10-15,08:00:48,537,40.74025878,-73.98409214,474,40.7451677,-73.98683077,1977,1
2015-10-15,09:03:32,507,40.73912601,-73.97973776,465,40.75513557,-73.98658032,1993,2
2015-10-15,09:38:52,536,40.74144387,-73.97536082,455,40.75001986,-73.96905301,1977,1
2015-10-16,08:26:21,304,40.70463334,-74.01361706,327,40.7153379,-74.01658354,1981,2
2015-10-16,13:21:38,526,40.74765947,-73.98490707,440,40.75255434,-73.97282625,1982,1
2015-10-16,17:20:28,455,40.75001986,-73.96905301,3140,40.77140426,-73.9535166,1978,2
2015-10-18,10:00:57,3167,40.77966809007312,-73.98093044757842,488,40.75645824,-73.99372222,1971,2
2015-10-18,11:50:45,511,40.72938685,-73.97772429,536,40.74144387,-73.97536082,1983,1
