2016-10-01,15:58:48,146,40.71625008,-74.0091059,426,40.71754834,-74.01322069,1996,1
2016-10-02,16:04:34,3167,40.77966809007312,-73.98093044757842,3177,40.7867947,-73.977112,1968,1
2016-10-02,17:41:56,450,40.76227205,-73.98788205,495,40.76269882,-73.99301222,1961,1
2016-10-02,19:11:39,505,40.74901271,-73.98848395,519,40.751873,-73.977706,1958,1
2016-10-02,19:52:28,528,40.74290902,-73.97706058,251,40.72317958,-73.99480012,1978,1
2016-10-03,15:33:18,3427,40.72430527250332,-73.99600982666016,514,40.76087502,-74.00277668,1959,1
2016-10-03,17:22:46,350,40.71559509,-73.9870295,502,40.714215,-73.981346,1993,2
2016-10-03,20:49:36,482,40.73935542,-73.99931783,347,40.728846,-74.008591,1989,1
2016-10-03,23:31:10,518,40.74780373,-73.9734419,3243,40.75892386377695,-73.96226227283478,1992,1
2016-10-04,17:57:36,3235,40.752165280621966,-73.97992193698882,3131,40.76712840349542,-73.96224617958069,1986,1
2016-10-04,18:34:13,518,40.74780373,-73.9734419,379,40.749156,-73.9916,1971,1
2016-10-05,08:37:36,519,40.751873,-73.977706,304,40.70463334,-74.01361706,1956,1
2016-10-05,10:47:56,410,40.72066442,-73.98517977,461,40.73587678,-73.98205027,1978,1
2016-10-05,16:51:35,444,40.7423543,-73.98915076,388,40.749717753,-74.002950346,1979,1
2016-10-06,18:11:52,462,40.74691959,-74.00451887,369,40.73224119,-74.00026394,1970,1
2016-10-06,23:11:34,347,40.728846,-74.008591,3255,40.7505853470215,-73.9946848154068,1964,1
2016-10-07,13:37:07,435,40.74173969,-73.99415556,434,40.74317449,-74.00366443,1985,1
2016-10-08,06:03:42,492,40.75019995,-73.99093085,444,40.7423543,-73.98915076,1967,1
2016-10-08,10:42:04,363,40.70834698,-74.01713445,458,40.751396,-74.005226,1953,1
2016-10-08,14:55:33,3135,40.77112927,-73.95772297,281,40.7643971,-73.97371465,1976,1
2016-10-09,09:02:06,306,40.70823502,-74.00530063,276,40.71748752,-74.0104554,1990,2
2016-10-09,11:23:01,3142,40.7612274,-73.96094022,498,40.74854862,-73.98808416,1991,1
2016-10-09,17:34:19,479,40.76019252,-73.9912551,319,40.711066,-74.009447,1987,1
2016-10-10,09:20:07,3084,40.71348658,-73.94792458,321,40.69991755,-73.98971773,1979,1
2016-10-10,10:18:35,437,40.6809833854,-73.9500479759,3241,40.686203,-73.944694,1959,2
2016-10-10,11:16:26,3059,40.6933982,-73.939877,481,40.71260486,-73.96264403,1982,2
2016-10-11,18:40:12,492,40.75019995,-73.99093085,3167,40.77966809007312,-73.98093044757842,1980,1
2016-10-12,13:20:49,427,40.701907,-74.013942,245,40.69327018,-73.97703874,1975,1
2016-10-12,16:40:37,377,40.72243797,-74.00566443,380,40.73401143,-74.00293877,1955,1
2016-10-12,17:03:01,3158,40.77163851,-73.98261428,488,40.75645824,-73.99372222,1977,2
2016-10-12,17:57:51,239,40.69196566,-73.9813018,3429,40.68506807308177,-73.97790759801863,1964,2
2016-10-13,06:59:39,501,40.744219,-73.97121214,500,40.76228826,-73.98336183,1970,1
2016-10-13,09:24:35,459,40.746745,-74.007756,3259,40.74937024193277,-73.99923384189606,1964,1
2016-10-13,18:07:55,3223,40.758996559605116,-73.96865397691727,3140,40.77140426,-73.9535166,1988,1
2016-10-14,11:38:31,445,40.72740794,-73.98142006,519,40.751873,-73.977706,1976,1
2016-10-14,17:59:16,517,40.751581,-73.97791,3226,40.78275,-73.97137,1990,1
2016-10-15,10:05:08,457,40.76695317,-73.98169333,422,40.770513,-73.988038,1956,2
2016-10-15,15:48:03,367,40.75828065,-73.97069431,476,40.74394314,-73.97966069,1984,1
