2016-07-16,13:03:43,2010,40.72165481,-74.00234737,380,40.73401143,-74.00293877,1979,1
2016-07-16,16:12:04,376,40.70862144,-74.00722156,531,40.71893904,-73.99266288,1992,1
2016-07-17,12:36:36,445,40.72740794,-73.98142006,523,40.75466591,-73.99138152,1993,1
2016-07-17,16:42:58,503,40.73827428,-73.98751968,461,40.73587678,-73.98205027,1976,1
2016-07-18,17:49:24,357,40.73261787,-73.99158043,346,40.73652889,-74.00618026,1965,1
2016-07-18,21:24:19,479,40.76019252,-73.9912551,488,40.75645824,-73.99372222,1966,1
2016-07-19,16:34:40,337,40.7037992,-74.00838676,291,40.713126,-73.984844,1968,1
2016-07-19,19:22:16,3140,40.77140426,-73.9535166,281,40.7643971,-73.97371465,1996,1
2016-07-19,21:53:12,325,40.73624527,-73.98473765,3135,40.77112927,-73.95772297,1959,1
2016-07-20,07:13:27,475,40.73524276,-73.98758561,3164,40.7770575,-73.97898475,1980,1
2016-07-20,19:19:17,3178,40.78414472,-73.98362492,499,40.76915505,-73.98191841,1961,2
2016-07-20,21:50:17,383,40.735238,-74.000271,327,40.7153379,-74.01658354,1991,2
2016-07-21,17:18:53,518,40.74780373,-73.9734419,470,40.74345335,-74.00004031,1976,1
2016-07-21,21:58:52,280,40.73331967,-73.99510132,383,40.735238,-74.000271,1982,2
2016-07-22,16:08:42,359,40.75510267,-73.97498696,3155,40.76440023,-73.96648977,1987,1
2016-07-22,17:22:41,498,40.74854862,-73.98808416,462,40.74691959,-74.00451887,1983,1
2016-07-22,20:54:05,398,40.69165183,-73.9999786,2000,40.70255088,-73.98940236,1991,1
2016-07-23,12:52:54,216,40.70037867,-73.99548059,398,40.69165183,-73.9999786,1983,1
2016-07-23,17:45:48,445,40.72740794,-73.98142006,297,40.734232,-73.986923,1959,2
2016-07-23,18:28:04,478,40.76030096,-73.99884222,529,40.7575699,-73.99098507,1979,2
2016-07-23,19:51:07,3160,40.77896784,-73.97374737,336,40.73047747,-73.99906065,1995,2
2016-07-24,21:20:18,368,40.73038599,-74.00214988,377,40.72243797,-74.00566443,1959,1
2016-07-25,00:21:12,161,40.72917025,-73.99810231,393,40.72299208,-73.97995466,1988,1
2016-07-25,11:22:13,459,40.746745,-74.007756,462,40.74691959,-74.00451887,1949,1
2016-07-25,12:25:35,308,40.71307916,-73.99851193,330,40.71450451,-74.00562789,1968,2
2016-07-26,03:09:28,3236,40.75898481399634,-73.99379968643188,3223,40.758996559605116,-73.96865397691727,1955,1
2016-07-26,12:00:07,3175,40.77748046,-73.98288594,3169,40.78720869,-73.98128127,1952,1
2016-07-27,08:47:50,382,40.73492695,-73.99200509,491,40.74096374,-73.98602213,1992,1
2016-07-27,09:13:23,127,40.73172428,-74.00674436,410,40.72066442,-73.98517977,1986,1
2016-07-27,18:28:42,336,40.73047747,-73.99906065,229,40.72743423,-73.99379025,1955,2
2016-07-27,18:48:20,347,40.728846,-74.008591,2008,40.70569254,-74.01677685,1986,1
2016-07-27,20:17:24,3175,40.77748046,-73.98288594,497,40.73704984,-73.99009296,1990,1
2016-07-27,23:13:00,3082,40.71167351,-73.95141312,3094,40.7169811,-73.94485918,1979,1
2016-07-28,09:10:12,3140,40.77140426,-73.9535166,2006,40.76590936,-73.97634151,1988,2
2016-07-28,16:50:56,458,40.751396,-74.005226,509,40.7454973,-74.00197139,1970,1
2016-07-28,20:02:00,3093,40.71745169,-73.95850939,3110,40.72708584,-73.95299117,1988,2
2016-07-28,21:59:45,330,40.71450451,-74.00562789,264,40.70706456,-74.00731853,1983,1
2016-07-29,10:06:49,420,40.68764484,-73.96968902,3222,40.685159599891776,-73.97711366415024,1978,1
2016-07-29,15:22:23,174,40.7381765,-73.97738662,509,40.7454973,-74.00197139,1942,1
2016-07-30,11:50:19,478,40.76030096,-73.99884222,127,40.73172428,-74.00674436,1981,1
2016-07-30,11:56:07,458,40.751396,-74.005226,435,40.74173969,-73.99415556,1982,1
2016-07-31,09:00:10,3163,40.7734066,-73.97782542,72,40.76727216,-73.99392888,1988,1
2016-07-31,14:07:29,3126,40.74718234,-73.9432635,3129,40.75110165,-73.94073717,1984,1
2016-07-31,14:12:03,511,40.72938685,-73.97772429,236,40.7284186,-73.98713956,1967,1
2016-07-31,14:42:27,236,40.7284186,-73.98713956,385,40.75797322,-73.96603308,1982,1
