2015-09-18,21:58:37,491,40.74096374,-73.98602213,297,40.734232,-73.986923,1980,1
2015-09-19,18:18:58,405,40.739323,-74.008119,482,40.73935542,-73.99931783,1981,1
2015-09-19,22:15:22,355,40.71602118,-73.99974372,494,40.74734825,-73.99723551,1994,1
2015-09-21,08:03:55,212,40.74334935,-74.00681753,472,40.7457121,-73.98194829,1981,2
2015-09-21,17:16:46,3145,40.77862688,-73.95772073,3177,40.7867947,-73.977112,1961,1
2015-09-22,10:17:59,423,40.76584941,-73.98690506,515,40.76009437,-73.99461843,1973,1
2015-09-22,14:50:00,536,40.74144387,-73.97536082,160,40.748238,-73.978311,1952,1
2015-09-22,22:35:10,312,40.722055,-73.989111,150,40.7208736,-73.98085795,1975,2
2015-09-24,18:04:22,435,40.74173969,-73.99415556,160,40.748238,-73.978311,1970,2
2015-09-25,06:45:14,480,40.76669671,-73.99061728,484,40.75500254,-73.98014437,1980,1
2015-09-25,21:42:50,341,40.71782143,-73.97628939,514,40.76087502,-74.00277668,1979,1
2015-09-26,12:46:29,3106,40.72325,-73.94308,3113,40.73026,-73.95394,1983,1
2015-09-27,13:21:31,297,40.734232,-73.986923,293,40.73028666,-73.9907647,1971,1
2015-09-28,07:27:38,347,40.728846,-74.008591,358,40.73291553,-74.00711384,1977,2
2015-09-28,08:26:24,3135,40.77112927,-73.95772297,503,40.73827428,-73.98751968,1981,1
2015-09-28,13:12:23,279,40.707873,-74.00167,537,40.74025878,-73.98409214,1963,1
2015-09-29,12:12:19,253,40.73543934,-73.99453948,336,40.73047747,-73.99906065,1965,1
2015-09-30,08:28:55,3167,40.77966809007312,-73.98093044757842,498,40.74854862,-73.98808416,1983,1
2015-09-30,17:11:42,503,40.73827428,-73.98751968,326,40.72953837,-73.98426726,1988,1
