2016-08-01,04:46:50,545,40.736502,-73.97809472,435,40.74173969,-73.99415556,1981,1
2016-08-01,08:43:04,356,40.71622644,-73.98261206,315,40.70355377,-74.00670227,1971,2
2016-08-02,09:08:32,3170,40.78499979,-73.97283406,517,40.751581,-73.97791,1966,1
2016-08-02,11:57:56,2012,40.739445,-73.976806,237,40.73047309,-73.98672378,1965,1
2016-08-02,19:23:47,408,40.71076228,-73.99400398,302,40.72082834,-73.97793172,1968,1
2016-08-03,06:39:15,499,40.76915505,-73.98191841,520,40.75992262,-73.97648516,1988,1
2016-08-03,09:23:16,488,40.75645824,-73.99372222,485,40.75038009,-73.98338988,1982,2
2016-08-03,13:32:51,499,40.76915505,-73.98191841,3134,40.76312584,-73.96526895,1982,1
2016-08-04,07:59:50,3119,40.74232744,-73.95411749,3221,40.743,-73.93561,1982,1
2016-08-04,15:39:44,3060,40.69425403,-73.94626915,473,40.72110063,-73.9919254,1988,1
2016-08-05,09:14:06,3096,40.71924,-73.95242,3090,40.71774592,-73.95600096,1988,2
2016-08-05,11:18:11,412,40.7158155,-73.99422366,366,40.693261,-73.968896,1976,1
2016-08-05,16:34:53,3235,40.752165280621966,-73.97992193698882,490,40.751551,-73.993934,1980,2
2016-08-05,18:50:43,323,40.69236178,-73.98631746,3079,40.71103537,-73.94714303,1981,1
2016-08-05,20:52:31,368,40.73038599,-74.00214988,382,40.73492695,-73.99200509,1983,1
2016-08-06,10:09:15,358,40.73291553,-74.00711384,494,40.74734825,-73.99723551,1982,1
2016-08-06,12:45:42,309,40.7149787,-74.013012,427,40.701907,-74.013942,1987,1
2016-08-06,21:48:09,3141,40.76500525,-73.95818491,3294,40.7835016,-73.955327,1992,1
2016-08-07,08:08:28,511,40.72938685,-73.97772429,174,40.7381765,-73.97738662,1958,1
2016-08-07,11:31:40,257,40.71939226,-74.00247214,329,40.72015227023285,-74.01036500930786,1993,1
2016-08-07,14:34:03,3255,40.7505853470215,-73.9946848154068,238,40.7361967,-74.00859207,1985,1
2016-08-08,08:13:49,368,40.73038599,-74.00214988,520,40.75992262,-73.97648516,1983,1
2016-08-08,17:03:41,498,40.74854862,-73.98808416,359,40.75510267,-73.97498696,1987,1
2016-08-08,21:08:23,3107,40.72311651,-73.95212324,3117,40.73564,-73.95866,1987,1
2016-08-09,11:10:44,478,40.76030096,-73.99884222,3138,40.774405455003,-73.96175265312193,1988,1
2016-08-09,14:15:36,153,40.752062307,-73.9816324043,301,40.72217444,-73.98368779,1976,1
2016-08-09,15:58:00,368,40.73038599,-74.00214988,251,40.72317958,-73.99480012,1959,1
2016-08-09,22:02:02,3101,40.72079821,-73.95484712,3079,40.71103537,-73.94714303,1982,1
2016-08-10,00:38:52,434,40.74317449,-74.00366443,3255,40.7505853470215,-73.9946848154068,1973,1
2016-08-10,20:54:50,459,40.746745,-74.007756,334,40.74238787,-73.99726235,1988,1
2016-08-11,04:53:16,525,40.75594159,-74.0021163,3256,40.7277140777778,-74.01129573583603,1994,1
2016-08-11,06:59:16,453,40.74475148,-73.99915362,173,40.76068327096592,-73.9845272898674,1984,1
2016-08-11,07:15:34,540,40.74311555376486,-73.98215353488922,492,40.75019995,-73.99093085,1962,1
2016-08-11,08:01:22,173,40.76068327096592,-73.9845272898674,495,40.76269882,-73.99301222,1981,1
2016-08-11,08:17:25,465,40.75513557,-73.98658032,359,40.75510267,-73.97498696,1983,1
2016-08-11,14:22:45,438,40.72779126,-73.98564945,360,40.70717936,-74.00887308,1984,2
2016-08-11,14:50:47,315,40.70355377,-74.00670227,501,40.744219,-73.97121214,1981,1
2016-08-11,17:17:27,173,40.76068327096592,-73.9845272898674,264,40.70706456,-74.00731853,1987,1
2016-08-12,08:02:12,251,40.72317958,-73.99480012,147,40.71542197,-74.01121978,1981,1
2016-08-12,11:36:49,524,40.75527307,-73.98316936,128,40.72710258,-74.00297088,1982,1
2016-08-12,14:09:11,510,40.7606597,-73.98042047,3341,40.795346,-73.96186,1989,2
2016-08-12,15:08:13,317,40.72453734,-73.98185424,531,40.71893904,-73.99266288,1969,2
2016-08-12,19:46:14,508,40.76341379,-73.99667444,3002,40.711512,-74.015756,1990,2
2016-08-14,09:54:29,470,40.74345335,-74.00004031,2004,40.724399,-74.004704,1990,2
