2016-08-15,08:05:30,358,40.73291553,-74.00711384,327,40.7153379,-74.01658354,1985,1
2016-08-15,08:41:42,229,40.72743423,-73.99379025,248,40.72185379,-74.00771779,1954,1
2016-08-16,17:46:21,167,40.7489006,-73.97604882,466,40.74395411,-73.99144871,1984,1
2016-08-16,18:21:44,497,40.73704984,-73.99009296,336,40.73047747,-73.99906065,1981,1
2016-08-16,19:22:11,379,40.749156,-73.9916,546,40.74444921,-73.98303529,1967,1
2016-08-16,19:36:46,3098,40.71928,-73.94861,471,40.71286844,-73.95698119,1976,1
2016-08-17,16:54:42,3156,40.76663814,-73.95348296,529,40.7575699,-73.99098507,1988,1
2016-08-17,19:22:23,358,40.73291553,-74.00711384,423,40.76584941,-73.98690506,1980,1
2016-08-17,19:26:39,195,40.70905623,-74.01043382,417,40.71291224,-74.01020234,1981,1
2016-08-17,20:31:55,263,40.717590818059804,-73.99622440338135,265,40.72229346,-73.99147535,1962,1
2016-08-17,22:23:29,334,40.74238787,-73.99726235,268,40.71910537,-73.99973337,1975,0
2016-08-18,18:53:31,82,40.71117416,-74.00016545,308,40.71307916,-73.99851193,1994,1
2016-08-19,14:29:25,383,40.735238,-74.000271,285,40.73454567,-73.99074142,1986,2
2016-08-19,21:36:15,423,40.76584941,-73.98690506,529,40.7575699,-73.99098507,1961,1
2016-08-19,21:56:56,303,40.72362738,-73.99949601,2002,40.716887,-73.963198,1981,1
2016-08-20,04:01:45,3081,40.711863,-73.944024,3095,40.71929301,-73.94500379,1989,1
2016-08-20,10:29:28,469,40.76344058,-73.98268129,486,40.7462009,-73.98855723,1969,1
2016-08-20,15:57:11,519,40.751873,-73.977706,3175,40.77748046,-73.98288594,1982,1
2016-08-20,22:18:22,390,40.69221589,-73.9842844,3249,40.6803560840434,-73.9476791024208,1988,1
2016-08-21,14:57:42,504,40.73221853,-73.98165557,237,40.73047309,-73.98672378,1993,1
2016-08-23,03:03:25,387,40.71273266,-74.0046073,2009,40.71117444,-73.99682619,1983,1
2016-08-23,09:05:10,366,40.693261,-73.968896,324,40.689888,-73.981013,1987,2
2016-08-23,12:45:07,455,40.75001986,-73.96905301,2022,40.759107,-73.959223,1981,1
2016-08-25,08:10:13,457,40.76695317,-73.98169333,2023,40.75968085,-73.97031366,1992,1
2016-08-25,13:08:44,164,40.75323098,-73.97032517,515,40.76009437,-73.99461843,1977,2
2016-08-25,17:44:22,291,40.713126,-73.984844,311,40.7172274,-73.98802084,1947,1
2016-08-26,07:46:20,3100,40.724812564400175,-73.94752621650696,537,40.74025878,-73.98409214,1983,2
2016-08-26,13:17:36,335,40.72903917,-73.99404649,168,40.73971301,-73.99456405,1994,1
2016-08-26,21:36:46,3323,40.7981856,-73.9605909006,3383,40.804213,-73.96699104,1978,2
2016-08-27,18:23:03,361,40.71605866,-73.99190759,438,40.72779126,-73.98564945,1960,1
2016-08-27,18:25:28,3090,40.71774592,-73.95600096,3067,40.7016657,-73.9437303,1990,1
