2015-05-24,16:22:26,328,40.72405549,-74.00965965,444,40.7423543,-73.98915076,1980,1
2015-05-25,09:57:57,433,40.72955361,-73.98057249,482,40.73935542,-73.99931783,1940,2
2015-05-25,14:38:51,444,40.7423543,-73.98915076,356,40.71622644,-73.98261206,1979,1
2015-05-26,09:29:19,164,40.75323098,-73.97032517,484,40.75500254,-73.98014437,1981,1
2015-05-27,00:09:01,441,40.756014,-73.967416,477,40.75640548,-73.9900262,1987,1
2015-05-27,17:57:52,435,40.74173969,-73.99415556,474,40.7451677,-73.98683077,1986,1
2015-05-28,07:10:57,218,40.69028437,-73.98707105,274,40.68691865,-73.976682,1978,1
2015-05-28,15:02:36,458,40.751396,-74.005226,521,40.75096734871598,-73.99444207549095,1963,1
2015-05-28,17:56:00,388,40.749717753,-74.002950346,376,40.70862144,-74.00722156,1982,1
2015-05-28,18:35:29,309,40.7149787,-74.013012,310,40.68926942,-73.98912867,1977,1
2015-05-29,08:05:00,395,40.68807003,-73.98410637,271,40.68528172,-73.97805813,1981,2
2015-05-29,08:34:01,401,40.72019576,-73.98997825,351,40.70530954,-74.00612572,1972,1
2015-05-29,19:02:09,317,40.72453734,-73.98185424,382,40.73492695,-73.99200509,1990,2
2015-05-30,09:34:10,500,40.76228826,-73.98336183,492,40.75019995,-73.99093085,1977,1
2015-05-30,18:56:30,368,40.73038599,-74.00214988,251,40.72317958,-73.99480012,1990,2
