2016-03-22,09:07:50,83,40.68382604,-73.97632328,430,40.7014851,-73.98656928,1986,1
2016-03-24,08:36:57,127,40.73172428,-74.00674436,276,40.71748752,-74.0104554,1981,2
2016-03-13,21:37:31,212,40.74334935,-74.00681753,462,40.74691959,-74.00451887,1973,1
2016-03-28,18:21:52,223,40.73781509,-73.99994661,238,40.7361967,-74.00859207,1967,1
2016-03-20,03:38:34,236,40.7284186,-73.98713956,307,40.71427487,-73.98990025,1985,2
2016-03-29,17:48:22,267,40.75097711,-73.98765428,173,40.76068327096592,-73.9845272898674,1988,1
2016-03-17,12:42:52,284,40.7390169121,-74.0026376103,388,40.749717753,-74.002950346,1959,1
2016-03-08,17:42:05,301,40.72217444,-73.98368779,250,40.72456089,-73.99565293,1973,1
2016-03-21,11:28:20,330,40.71450451,-74.00562789,316,40.70955958,-74.00653609,1981,1
2016-03-30,16:58:22,336,40.73047747,-73.99906065,505,40.74901271,-73.98848395,1992,1
2016-03-07,08:37:33,342,40.71739973,-73.98016555,505,40.74901271,-73.98848395,1989,1
2016-03-18,13:22:32,347,40.728846,-74.008591,323,40.69236178,-73.98631746,1959,2
2016-03-16,14:02:11,356,40.71622644,-73.98261206,540,40.74311555376486,-73.98215353488922,1960,2
2016-03-19,20:27:05,368,40.73038599,-74.00214988,508,40.76341379,-73.99667444,1958,1
2016-03-22,08:37:59,383,40.735238,-74.000271,328,40.72405549,-74.00965965,1982,2
2016-03-09,17:45:21,388,40.749717753,-74.002950346,503,40.73827428,-73.98751968,1972,1
2016-03-05,12:55:59,408,40.71076228,-73.99400398,355,40.71602118,-73.99974372,1990,1
2016-03-27,16:45:33,434,40.74317449,-74.00366443,284,40.7390169121,-74.0026376103,1984,1
2016-03-09,07:03:20,453,40.74475148,-73.99915362,3002,40.711512,-74.015756,1963,1
2016-03-19,16:15:02,455,40.75001986,-73.96905301,520,40.75992262,-73.97648516,1972,1
2016-03-21,10:42:11,457,40.76695317,-73.98169333,385,40.75797322,-73.96603308,1945,1
2016-03-31,13:01:36,473,40.72110063,-73.9919254,229,40.72743423,-73.99379025,1988,1
2016-03-21,08:03:07,483,40.73223272,-73.98889957,252,40.73226398,-73.99852205,1989,1
2016-03-24,16:51:37,505,40.74901271,-73.98848395,450,40.76227205,-73.98788205,1991,1
