2015-08-01,19:55:07,368,40.73038599,-74.00214988,305,40.76095756,-73.96724467,1983,1
2015-08-02,16:27:37,426,40.71754834,-74.01322069,318,40.75320159,-73.9779874,1980,1
2015-08-03,08:50:10,268,40.71910537,-73.99973337,382,40.73492695,-73.99200509,1982,2
2015-08-04,13:33:30,484,40.75500254,-73.98014437,466,40.74395411,-73.99144871,1984,1
2015-08-04,17:15:23,341,40.71782143,-73.97628939,264,40.70706456,-74.00731853,1982,2
2015-08-04,17:34:19,501,40.744219,-73.97121214,498,40.74854862,-73.98808416,1991,1
2015-08-04,18:02:58,527,40.744023,-73.976056,492,40.75019995,-73.99093085,1986,1
2015-08-05,14:18:52,479,40.76019252,-73.9912551,362,40.75172632,-73.98753523,1991,1
2015-08-05,16:32:19,465,40.75513557,-73.98658032,362,40.75172632,-73.98753523,1967,1
2015-08-05,22:09:56,499,40.76915505,-73.98191841,488,40.75645824,-73.99372222,1974,1
2015-08-06,07:59:27,469,40.76344058,-73.98268129,359,40.75510267,-73.97498696,1962,1
2015-08-06,18:38:05,351,40.70530954,-74.00612572,291,40.713126,-73.984844,1985,2
2015-08-06,21:51:38,529,40.7575699,-73.99098507,499,40.76915505,-73.98191841,1984,2
2015-08-10,08:35:34,2008,40.70569254,-74.01677685,229,40.72743423,-73.99379025,1976,2
2015-08-11,09:13:42,448,40.75660359,-73.9979009,347,40.728846,-74.008591,1986,1
2015-08-11,18:22:39,2022,40.759107,-73.959223,460,40.71285887,-73.96590294,1985,1
2015-08-12,17:35:43,377,40.72243797,-74.00566443,417,40.71291224,-74.01020234,1973,1
2015-08-12,18:04:23,368,40.73038599,-74.00214988,348,40.72490985,-74.00154702,1987,2
2015-08-13,19:19:44,477,40.75640548,-73.9900262,127,40.73172428,-74.00674436,1985,2
2015-08-13,23:53:46,223,40.73781509,-73.99994661,252,40.73226398,-73.99852205,1987,1
2015-08-14,12:56:11,458,40.751396,-74.005226,509,40.7454973,-74.00197139,1988,1
2015-08-14,14:35:39,387,40.71273266,-74.0046073,409,40.6906495,-73.95643107,1988,1
2015-08-14,17:33:05,434,40.74317449,-74.00366443,435,40.74173969,-73.99415556,1957,2
2015-08-16,12:35:15,334,40.74238787,-73.99726235,521,40.75096734871598,-73.99444207549095,1989,1
2015-08-16,18:34:42,404,40.7405826,-74.00550867,514,40.76087502,-74.00277668,1992,1
2015-08-17,13:48:43,317,40.72453734,-73.98185424,293,40.73028666,-73.9907647,1959,1
2015-08-17,18:14:16,509,40.7454973,-74.00197139,293,40.73028666,-73.9907647,1959,1
2015-08-17,23:10:49,250,40.72456089,-73.99565293,461,40.73587678,-73.98205027,1987,2
2015-08-18,07:40:15,411,40.72228087,-73.97668709,408,40.71076228,-73.99400398,1990,1
2015-08-18,09:28:52,405,40.739323,-74.008119,152,40.71473993,-74.00910627,1950,2
2015-08-18,10:03:48,546,40.74444921,-73.98303529,285,40.73454567,-73.99074142,1967,1
2015-08-18,17:15:54,493,40.7568001,-73.98291153,474,40.7451677,-73.98683077,1972,1
2015-08-18,17:34:10,385,40.75797322,-73.96603308,379,40.749156,-73.9916,1978,1
2015-08-18,20:20:53,511,40.72938685,-73.97772429,432,40.72621788,-73.98379855,1985,2
2015-08-19,10:43:08,507,40.73912601,-73.97973776,383,40.735238,-74.000271,1958,2
2015-08-19,14:02:34,2003,40.733812191966315,-73.98054420948029,540,40.74311555376486,-73.98215353488922,1991,1
