2016-04-01,17:41:43,382,40.73492695,-73.99200509,334,40.74238787,-73.99726235,1981,1
2016-04-02,18:02:36,238,40.7361967,-74.00859207,503,40.73827428,-73.98751968,1990,1
2016-04-02,23:05:52,499,40.76915505,-73.98191841,527,40.744023,-73.976056,1974,2
2016-04-03,18:39:47,327,40.7153379,-74.01658354,439,40.7262807,-73.98978041,1992,1
2016-04-05,17:38:34,521,40.75096734871598,-73.99444207549095,490,40.751551,-73.993934,1999,1
2016-04-06,08:22:27,523,40.75466591,-73.99138152,79,40.71911552,-74.00666661,1969,1
2016-04-06,13:13:53,151,40.722103786686034,-73.99724900722504,386,40.71494807,-74.00234482,1965,1
2016-04-07,08:20:55,216,40.70037867,-73.99548059,157,40.69089272,-73.99612349,1964,1
2016-04-07,08:47:12,530,40.771522,-73.990541,458,40.751396,-74.005226,1983,2
2016-04-07,11:20:45,470,40.74345335,-74.00004031,446,40.74487634,-73.99529885,1975,1
2016-04-09,11:07:52,348,40.72490985,-74.00154702,382,40.73492695,-73.99200509,1947,2
2016-04-10,11:19:43,267,40.75097711,-73.98765428,523,40.75466591,-73.99138152,1976,1
2016-04-11,16:35:52,482,40.73935542,-73.99931783,497,40.73704984,-73.99009296,1969,1
2016-04-12,14:52:49,471,40.71286844,-73.95698119,539,40.71534825,-73.96024116,1988,1
2016-04-13,23:55:36,334,40.74238787,-73.99726235,490,40.751551,-73.993934,1991,2
2016-04-14,09:08:26,3087,40.71413311,-73.95234386,536,40.74144387,-73.97536082,1983,2
2016-04-14,09:19:59,3143,40.77682863439968,-73.96388769149779,499,40.76915505,-73.98191841,1965,1
2016-04-14,09:26:32,173,40.76068327096592,-73.9845272898674,228,40.7546011026,-73.971878855,1967,1
2016-04-14,18:23:38,402,40.7403432,-73.98955109,263,40.71729,-73.996375,1972,2
2016-04-15,15:08:16,367,40.75828065,-73.97069431,422,40.770513,-73.988038,1985,1
2016-04-15,16:51:28,519,40.751873,-73.977706,442,40.746647,-73.993915,1979,1
2016-04-15,18:14:09,453,40.74475148,-73.99915362,479,40.76019252,-73.9912551,1992,1
2016-04-16,17:07:15,3097,40.71921585,-73.9424469,3086,40.715143,-73.944507,1982,1
2016-04-17,18:26:08,3085,40.71469,-73.95739,532,40.710451,-73.960876,1979,1
2016-04-18,08:20:23,507,40.73912601,-73.97973776,496,40.73726186,-73.99238967,1979,2
2016-04-18,08:23:22,434,40.74317449,-74.00366443,450,40.76227205,-73.98788205,1976,2
2016-04-18,08:57:57,519,40.751873,-73.977706,293,40.73028666,-73.9907647,1964,2
2016-04-18,17:24:30,497,40.73704984,-73.99009296,327,40.7153379,-74.01658354,1992,1
2016-04-18,18:16:54,402,40.7403432,-73.98955109,327,40.7153379,-74.01658354,1982,2
2016-04-20,09:00:03,410,40.72066442,-73.98517977,459,40.746745,-74.007756,1989,2
2016-04-20,09:17:10,325,40.73624527,-73.98473765,382,40.73492695,-73.99200509,1975,2
2016-04-20,14:41:17,236,40.7284186,-73.98713956,473,40.72110063,-73.9919254,1981,1
2016-04-21,16:12:28,433,40.72955361,-73.98057249,2017,40.75022392,-73.97121414,1977,1
2016-04-21,17:40:13,3161,40.7801839724239,-73.97728532552719,514,40.76087502,-74.00277668,1967,1
