2016-06-16,13:51:47,545,40.736502,-73.97809472,453,40.74475148,-73.99915362,1994,2
2016-06-16,15:56:24,507,40.73912601,-73.97973776,428,40.72467721,-73.98783413,1989,2
2016-06-16,19:22:52,453,40.74475148,-73.99915362,3255,40.7505853470215,-73.9946848154068,1965,2
2016-06-16,20:41:29,480,40.76669671,-73.99061728,514,40.76087502,-74.00277668,1988,2
2016-06-16,23:06:59,453,40.74475148,-73.99915362,174,40.7381765,-73.97738662,1971,1
2016-06-17,08:24:26,3140,40.77140426,-73.9535166,3137,40.77282817,-73.96685276,1957,2
2016-06-17,23:22:06,438,40.72779126,-73.98564945,361,40.71605866,-73.99190759,1987,1
2016-06-18,10:07:32,3106,40.72325,-73.94308,3086,40.715143,-73.944507,1981,2
2016-06-20,15:17:01,379,40.749156,-73.9916,435,40.74173969,-73.99415556,1988,2
2016-06-21,06:57:31,444,40.7423543,-73.98915076,519,40.751873,-73.977706,1988,2
2016-06-21,19:46:11,490,40.751551,-73.993934,459,40.746745,-74.007756,1992,1
2016-06-22,09:20:09,368,40.73038599,-74.00214988,525,40.75594159,-74.0021163,1987,1
2016-06-22,09:28:21,483,40.73223272,-73.98889957,497,40.73704984,-73.99009296,1991,1
2016-06-22,14:08:54,458,40.751396,-74.005226,470,40.74345335,-74.00004031,1968,1
2016-06-22,19:51:44,3224,40.73997354103409,-74.00513872504234,428,40.72467721,-73.98783413,1972,1
2016-06-23,08:02:19,359,40.75510267,-73.97498696,267,40.75097711,-73.98765428,1988,1
2016-06-23,17:49:39,497,40.73704984,-73.99009296,3260,40.72706363348306,-73.99662137031554,1985,1
2016-06-24,10:19:14,502,40.714215,-73.981346,307,40.71427487,-73.98990025,1960,1
2016-06-24,11:05:24,3146,40.77573034,-73.9567526,3159,40.77492513,-73.98266566,1961,2
2016-06-24,14:13:38,340,40.71269042,-73.98776323,340,40.71269042,-73.98776323,1987,1
2016-06-25,16:30:13,358,40.73291553,-74.00711384,428,40.72467721,-73.98783413,1986,1
2016-06-25,20:25:01,369,40.73224119,-74.00026394,265,40.72229346,-73.99147535,1982,1
2016-06-27,08:27:10,384,40.683048,-73.964915,505,40.74901271,-73.98848395,1977,1
2016-06-28,08:25:31,445,40.72740794,-73.98142006,358,40.73291553,-74.00711384,1989,1
2016-06-28,08:39:52,393,40.72299208,-73.97995466,472,40.7457121,-73.98194829,1992,1
2016-06-28,18:45:28,225,40.74195138,-74.00803013,514,40.76087502,-74.00277668,1990,1
