2015-03-09,08:32:00,238,40.7361967,-74.00859207,238,40.7361967,-74.00859207,1982,2
2015-03-09,09:50:00,499,40.76915505,-73.98191841,456,40.7597108,-73.97402311,1985,1
2015-03-09,11:43:00,459,40.746745,-74.007756,537,40.74025878,-73.98409214,1980,1
2015-03-13,15:37:00,461,40.73587678,-73.98205027,438,40.72779126,-73.98564945,1978,2
2015-03-22,15:31:00,305,40.76095756,-73.96724467,457,40.76695317,-73.98169333,1985,2
2015-03-23,10:08:00,389,40.71044554,-73.96525063,250,40.72456089,-73.99565293,1982,1
2015-03-24,10:40:00,511,40.72938685,-73.97772429,335,40.72903917,-73.99404649,1993,1
2015-03-24,18:37:00,478,40.76030096,-73.99884222,447,40.76370739,-73.9851615,1982,1
2015-03-25,07:40:00,537,40.74025878,-73.98409214,538,40.75666,-73.976684,1986,2
2015-03-30,15:46:00,153,40.75206231,-73.9816324,491,40.74096374,-73.98602213,1967,1
2015-03-31,08:34:00,293,40.73028666,-73.9907647,404,40.7405826,-74.00550867,1980,2
