2016-03-21,19:38:26,40.86033630371094,-73.92818450927734,40.870548248291016,-73.88986206054688,1
2016-04-02,02:32:10,40.683597564697266,-73.95352935791016,40.699249267578125,-73.91230010986328,1
2016-03-12,15:45:46,40.847965240478516,-73.93787384033203,40.8302116394043,-73.94792175292969,1
2016-03-02,14:40:57,40.80936050415039,-73.94931030273438,40.81998825073242,-73.94407653808594,1
2016-01-09,22:52:58,40.72022247314453,-73.95513916015625,40.72414016723633,-73.9495849609375,1
2016-06-02,04:46:42,40.81498718261719,-73.94776153564453,40.810340881347656,-73.95155334472656,1
2016-01-29,10:20:45,40.670654296875,-73.95040893554688,40.68244934082031,-73.9826431274414,1
2016-06-23,15:45:05,40.811668395996094,-73.95000457763672,40.81871032714844,-73.94145202636719,1
2016-04-16,12:13:17,40.87477111816406,-73.90986633300781,40.73716354370117,-73.9904556274414,1
2016-04-10,21:58:27,40.68033218383789,-73.97457122802734,40.67701721191406,-73.95329284667969,2
2016-01-31,14:15:26,40.819026947021484,-73.9448013305664,40.7503662109375,-73.99111938476562,3
2016-03-09,11:49:55,40.83974838256836,-73.94334411621094,40.83061599731445,-73.94850158691406,1
2016-05-13,08:49:11,40.67942428588867,-73.99698638916016,40.753440856933594,-73.96711730957031,1
2016-03-25,00:28:11,40.69916915893555,-73.8072738647461,40.695152282714844,-73.80293273925781,1
2016-04-22,08:39:18,40.81083297729492,-73.92679595947266,40.81330871582031,-73.9388198852539,1
2016-04-12,06:45:07,40.81998062133789,-73.95537567138672,40.805171966552734,-73.93920135498047,1
2016-01-17,22:02:02,40.68448257446289,-73.9474105834961,40.64289855957031,-73.78955841064453,1
2016-05-19,19:20:09,40.694393157958984,-73.95611572265625,40.704139709472656,-73.9658203125,1
2016-06-19,09:15:47,40.69328308105469,-73.97225952148438,40.696861267089844,-73.93582153320312,1
2016-03-12,14:57:08,40.759151458740234,-73.9190902709961,40.737361907958984,-73.90750122070312,1
2016-03-06,17:42:32,40.711856842041016,-73.96263885498047,40.677879333496094,-73.95095825195312,1
2016-06-28,13:25:09,40.70582580566406,-73.80925750732422,40.71052932739258,-73.79289245605469,1
2016-01-26,12:21:41,40.7165412902832,-73.96363067626953,40.674400329589844,-73.95010375976562,1
2016-01-15,08:24:27,40.67523956298828,-73.9811782836914,40.742218017578125,-74.00457000732422,2
2016-03-04,17:25:04,40.71536636352539,-73.9516372680664,40.73454284667969,-73.95838165283203,1
2016-03-24,01:06:07,40.75312042236328,-73.9327163696289,40.74620819091797,-73.94530487060547,1
2016-01-21,09:14:06,40.754119873046875,-73.94242095947266,40.76285171508789,-73.9699478149414,1
2016-04-04,21:13:36,40.67293167114258,-73.8329849243164,40.604698181152344,-74.00425720214844,2
2016-02-29,09:14:46,40.74760055541992,-73.95681762695312,40.73959732055664,-73.94561004638672,1
2016-04-09,21:05:21,40.75675964355469,-73.92072296142578,40.77903366088867,-73.9090347290039,1
2016-01-04,10:21:28,40.78457260131836,-73.94783782958984,40.78059768676758,-73.94632720947266,1
2016-06-28,11:56:22,40.7618293762207,-73.94991302490234,40.77385330200195,-73.87078857421875,1
2016-05-06,18:50:44,40.684566497802734,-73.97671508789062,40.68193817138672,-73.94232940673828,1
2016-01-19,23:10:19,40.80488586425781,-73.9550552368164,40.775657653808594,-73.95331573486328,1
2016-03-04,14:20:59,40.76325225830078,-73.92866516113281,40.75269317626953,-73.91484069824219,1
2016-03-12,19:19:23,40.68396759033203,-73.97848510742188,40.654537200927734,-73.96046447753906,1
2016-06-02,20:31:40,40.679359436035156,-73.9291000366211,40.648921966552734,-73.96983337402344,1
2016-06-17,18:39:20,40.74888610839844,-73.86941528320312,40.73850631713867,-73.87178802490234,1
2016-04-07,21:06:45,40.68860626220703,-73.9893569946289,40.689720153808594,-73.95341491699219,1
2016-04-23,14:06:56,40.694679260253906,-73.8021469116211,40.70833969116211,-73.73326873779297,1
2016-02-08,20:26:54,40.67919158935547,-73.9900131225586,40.68868637084961,-73.98492431640625,1
2016-04-04,21:07:13,40.68380355834961,-73.99514770507812,40.6776237487793,-73.96398162841797,2
2016-02-23,08:25:01,40.729583740234375,-73.95413970947266,40.70936584472656,-74.01061248779297,1
2016-04-10,10:38:49,40.80510330200195,-73.94735717773438,40.816837310791016,-73.94137573242188,2
2016-02-06,12:33:16,40.804931640625,-73.93892669677734,40.80585861206055,-73.95958709716797,1
2016-03-29,11:17:07,40.81247329711914,-73.9556884765625,40.80632019042969,-73.94664764404297,2
2016-03-02,14:25:21,40.667396545410156,-73.75704193115234,40.68065643310547,-73.7745132446289,1
2016-01-31,19:00:40,40.622840881347656,-74.02857208251953,40.63468933105469,-74.03179168701172,1
2016-06-08,19:23:39,40.74755096435547,-73.88434600830078,40.75038146972656,-73.87772369384766,1
2016-05-12,20:15:19,40.72252655029297,-73.94921875,40.71547317504883,-73.94453430175781,5
2016-01-06,23:37:55,40.74626541137695,-73.89616394042969,40.76951217651367,-73.91786193847656,1
2016-02-06,16:50:53,40.72492218017578,-73.85011291503906,40.730445861816406,-73.86248779296875,1
2016-02-26,15:01:50,40.80538558959961,-73.93905639648438,40.78971862792969,-73.9752426147461,3
2016-06-24,15:14:27,40.67116165161133,-73.94178009033203,40.66801834106445,-73.91609954833984,1
2016-01-19,19:00:24,40.82794189453125,-73.9255599975586,40.82809829711914,-73.91603088378906,1
2016-02-21,14:08:02,40.80537033081055,-73.93939208984375,40.804195404052734,-73.95480346679688,1
2016-04-04,17:19:52,40.79582977294922,-73.94759368896484,40.794837951660156,-73.9325942993164,1
2016-02-04,20:05:43,40.80950927734375,-73.94969177246094,40.81249237060547,-73.9486083984375,1
2016-03-23,18:55:54,40.73295593261719,-73.9560775756836,40.71797561645508,-73.95783996582031,1
2016-05-16,17:17:40,40.78551483154297,-73.94978332519531,40.78852844238281,-73.97089385986328,1
2016-02-02,08:49:27,40.805049896240234,-73.93913269042969,40.79102325439453,-73.95140838623047,1
2016-06-25,22:46:11,40.71855926513672,-73.84822845458984,40.703060150146484,-73.98466491699219,1
2016-06-05,10:48:15,40.79720687866211,-73.94683074951172,40.79841613769531,-73.93367004394531,1
2016-01-22,23:57:48,40.799842834472656,-73.93269348144531,40.820152282714844,-73.91297149658203,1
2016-04-18,15:35:37,40.69295120239258,-73.96875,40.71784210205078,-73.96070861816406,1
2016-04-27,23:05:28,40.666236877441406,-73.95362091064453,40.643985748291016,-73.95079803466797,1
2016-05-22,18:26:39,40.75836181640625,-73.84485626220703,40.73103332519531,-73.97960662841797,1
2016-06-23,19:27:20,40.75065994262695,-73.93932342529297,40.758270263671875,-73.91960906982422,1
2016-04-09,21:51:42,40.711490631103516,-73.94593048095703,40.712188720703125,-73.96347045898438,1
2016-02-01,08:01:28,40.6929817199707,-73.99974822998047,40.768558502197266,-73.96770477294922,1
2016-05-01,19:25:36,40.81626510620117,-73.94608306884766,40.81629180908203,-73.94612121582031,1
2016-03-27,22:01:15,40.71356201171875,-73.96549224853516,40.714385986328125,-73.94662475585938,1
2016-04-13,10:16:35,40.6841926574707,-73.97750091552734,40.715816497802734,-73.99545288085938,1
2016-05-28,11:41:29,40.71741485595703,-73.95708465576172,40.6727294921875,-73.96724700927734,1
2016-03-24,17:30:37,40.702632904052734,-73.98998260498047,40.712215423583984,-73.95137786865234,3
2016-06-15,16:02:13,40.83646011352539,-73.9432373046875,40.8350715637207,-73.94530487060547,1
2016-05-15,14:50:40,40.68232727050781,-73.99588012695312,40.713321685791016,-74.01380157470703,1
2016-02-05,22:41:18,40.74701690673828,-73.88400268554688,40.75679016113281,-73.87036895751953,2
2016-01-15,21:40:47,40.73403549194336,-73.87107849121094,40.669307708740234,-73.87673950195312,5
2016-02-28,20:13:49,40.81559371948242,-73.90740203857422,40.868064880371094,-73.8250732421875,1
2016-02-08,18:49:38,40.7429084777832,-73.95147705078125,40.7327766418457,-73.9571762084961,1
2016-02-21,18:07:58,40.84701919555664,-73.93827056884766,40.8289680480957,-73.94879150390625,1
2016-06-22,02:49:02,40.698158264160156,-73.92491912841797,40.69292449951172,-73.95116424560547,1
2016-06-27,21:07:31,40.78607177734375,-73.9510726928711,40.76973342895508,-73.96611022949219,1
2016-02-26,07:40:17,40.79553985595703,-73.9480972290039,40.81987762451172,-73.94271850585938,1
2016-01-31,20:23:39,40.74372863769531,-73.92169189453125,40.75007247924805,-73.99128723144531,1
2016-02-09,03:07:04,40.6976432800293,-73.92916107177734,40.70077133178711,-73.91748809814453,1
2016-01-31,13:16:13,40.759132385253906,-73.91877746582031,40.77427291870117,-73.8730239868164,1
2016-03-28,20:43:43,40.79194641113281,-73.95291137695312,40.79453659057617,-73.9715347290039,1
2016-04-10,03:38:13,40.71784591674805,-73.9580307006836,40.76404571533203,-73.98828125,4
2016-03-06,13:19:27,40.70319747924805,-73.99263763427734,40.690589904785156,-73.96635437011719,3
2016-03-11,21:02:13,40.80780792236328,-73.96388244628906,40.767765045166016,-73.91077423095703,1
2016-04-29,17:55:26,40.805198669433594,-73.93916320800781,40.8039665222168,-73.96602630615234,1
2016-05-13,22:28:50,40.72329330444336,-73.9505386352539,40.75175094604492,-73.98517608642578,1
2016-06-08,13:14:41,40.80495834350586,-73.96243286132812,40.823883056640625,-73.94405364990234,1
2016-04-30,20:01:39,40.845542907714844,-73.91423797607422,40.8626708984375,-73.92517852783203,1
2016-05-02,17:40:31,40.68922424316406,-73.95130920410156,40.681396484375,-73.9556655883789,1
2016-03-20,03:36:57,40.747398376464844,-73.88632202148438,40.75769805908203,-73.89920043945312,1
2016-06-30,02:04:54,40.690738677978516,-73.99595642089844,40.71892547607422,-74.00688934326172,1
2016-06-28,14:30:01,40.790706634521484,-73.95389556884766,40.77737045288086,-73.95259857177734,1
2016-05-07,00:20:36,40.7105598449707,-73.965576171875,40.69355392456055,-73.96894836425781,2
2016-02-28,02:22:23,40.686912536621094,-73.95152282714844,40.66472625732422,-73.92424774169922,1
2016-01-14,23:47:19,40.81113052368164,-73.94307708740234,40.85171890258789,-73.908203125,1
2016-05-29,14:49:53,40.6933708190918,-73.97594451904297,40.738502502441406,-73.98728942871094,1
2016-01-06,18:24:48,40.74568557739258,-73.9033432006836,40.770835876464844,-73.88958740234375,1
2016-06-27,18:37:33,40.7986946105957,-73.94173431396484,40.81688690185547,-73.83695220947266,1
2016-05-20,20:50:42,40.70360565185547,-73.99064636230469,40.69953536987305,-73.99192810058594,5
2016-05-19,01:04:17,40.71943664550781,-73.94556427001953,40.71293258666992,-73.93732452392578,1
2016-05-13,09:36:49,40.75725173950195,-73.85501098632812,40.7123908996582,-73.7853775024414,3
2016-03-01,13:22:32,40.84080123901367,-73.94305419921875,40.7732048034668,-73.88558959960938,1
2016-06-18,00:32:54,40.766578674316406,-73.881103515625,40.644309997558594,-73.7820816040039,1
2016-01-26,17:51:07,40.65446090698242,-74.00439453125,40.64055252075195,-74.00582122802734,1
2016-02-19,16:15:03,40.83441162109375,-73.863037109375,40.82878875732422,-73.87797546386719,1
2016-02-14,23:34:57,40.770320892333984,-73.91796875,40.75619125366211,-73.92430877685547,1
2016-01-29,20:29:54,40.73415756225586,-73.86952209472656,40.74824905395508,-73.86882781982422,1
2016-03-08,20:41:30,40.665401458740234,-73.98286437988281,40.67583084106445,-73.97491455078125,2
2016-04-08,09:56:49,40.72132110595703,-73.84416198730469,40.71255111694336,-73.82648468017578,1
2016-02-12,23:33:27,40.746551513671875,-73.89094543457031,40.74101638793945,-73.87569427490234,1
2016-01-18,23:51:14,40.81840515136719,-73.9532699584961,40.764686584472656,-73.9471435546875,1
2016-05-21,15:51:29,40.721466064453125,-73.84445190429688,40.725807189941406,-73.81680297851562,1
2016-04-13,10:56:53,40.68735885620117,-73.9901123046875,40.68205261230469,-73.96493530273438,1
2016-03-10,20:23:19,40.733497619628906,-73.86896514892578,40.74055862426758,-73.82257843017578,1
2016-02-05,01:00:39,40.63990020751953,-73.96728515625,40.636573791503906,-73.96162414550781,1
2016-04-18,13:04:24,40.74458694458008,-73.93195343017578,40.7425422668457,-73.87258911132812,1
2016-02-15,23:59:10,40.71678924560547,-73.95674896240234,40.6860466003418,-73.938720703125,1
2016-02-22,13:53:19,40.68949508666992,-73.9925765991211,40.68680191040039,-73.97572326660156,1
2016-06-22,11:54:28,40.77416229248047,-73.9084701538086,40.765438079833984,-73.9231948852539,1
2016-02-03,08:56:09,40.60920333862305,-73.95728302001953,40.618408203125,-73.94276428222656,5
2016-05-14,23:18:39,40.730438232421875,-73.86202239990234,40.760318756103516,-73.91492462158203,1
2016-01-30,18:36:21,40.74892044067383,-73.89253234863281,40.7540283203125,-73.87854766845703,1
2016-01-15,21:43:25,40.68589782714844,-73.96331024169922,40.72661209106445,-73.9991226196289,1
2016-01-02,19:52:53,40.81056594848633,-73.95269012451172,40.83293533325195,-73.94027709960938,1
2016-06-18,11:08:25,40.74637222290039,-73.91594696044922,40.75263214111328,-73.9327392578125,1
2016-02-12,01:28:21,40.6903076171875,-73.99443817138672,40.69339370727539,-73.99919128417969,1
2016-04-27,09:10:27,40.6471061706543,-73.95113372802734,40.65422821044922,-73.95280456542969,1
2016-06-23,19:25:31,40.74586868286133,-73.90335083007812,40.74433898925781,-73.87503814697266,1
2016-03-02,19:46:12,40.765647888183594,-73.91352844238281,40.7623405456543,-73.87901306152344,1
2016-02-19,14:36:39,40.81550979614258,-73.93970489501953,40.816322326660156,-73.91451263427734,1
2016-05-22,22:53:40,40.689537048339844,-73.97328186035156,40.77825927734375,-73.95237731933594,1
2016-02-24,18:21:31,40.805084228515625,-73.93952178955078,40.79346466064453,-73.94041442871094,1
2016-05-25,16:38:55,40.690914154052734,-73.9877700805664,40.686073303222656,-73.95175170898438,1
2016-03-18,16:22:58,40.79657745361328,-73.94731140136719,40.80243682861328,-73.95470428466797,1
2016-01-05,08:07:32,40.76579666137695,-73.92630004882812,40.76451873779297,-73.97069549560547,1
2016-06-11,02:23:46,40.823970794677734,-73.94486999511719,40.79879379272461,-73.94991302490234,1
2016-05-15,13:21:09,40.686622619628906,-73.96642303466797,40.671409606933594,-73.96263122558594,2
2016-01-23,00:26:46,40.69157791137695,-73.9913330078125,40.676998138427734,-74.01392364501953,1
2016-05-29,21:41:15,40.71272277832031,-73.89997100830078,40.70766067504883,-73.90400695800781,1
2016-02-06,00:03:43,40.654422760009766,-74.00428009033203,40.820411682128906,-73.95372772216797,1
2016-04-28,09:12:44,40.82561111450195,-73.93994140625,40.74687194824219,-74.00774383544922,1
2016-03-24,12:27:03,40.699703216552734,-73.80738830566406,40.64353942871094,-73.78438568115234,1
2016-03-17,08:52:47,40.763641357421875,-73.91523742675781,40.756980895996094,-73.92066955566406,1
2016-02-20,15:05:13,40.72133255004883,-73.84431457519531,40.74074172973633,-73.86865997314453,4
2016-05-20,09:18:29,40.68743133544922,-74.00032043457031,40.73032760620117,-74.0066909790039,1
2016-05-02,17:06:14,40.81050109863281,-73.95830535888672,40.74097442626953,-74.00765228271484,1
2016-04-23,23:31:06,40.72221755981445,-73.95764923095703,40.71391677856445,-73.9527816772461,2
2016-03-15,16:55:48,40.74745559692383,-73.88529205322266,40.740875244140625,-73.88024139404297,1
2016-04-09,00:45:25,40.72182083129883,-73.95811462402344,40.70209884643555,-73.89431762695312,1
2016-04-10,04:26:51,40.80420684814453,-73.93712615966797,40.8130989074707,-73.92256927490234,1
2016-06-02,19:24:21,40.74701690673828,-73.88985443115234,40.741920471191406,-73.94995880126953,1
2016-04-30,17:29:44,40.8118782043457,-73.9531021118164,40.76579666137695,-73.982666015625,1
2016-04-30,22:27:10,40.68181610107422,-73.95355987548828,40.70806884765625,-73.96597290039062,1
2016-02-25,19:47:07,40.76518630981445,-73.91764068603516,40.77608871459961,-73.91522979736328,1
2016-01-11,18:41:26,40.76290512084961,-73.93382263183594,40.76810073852539,-73.90650939941406,1
2016-06-21,04:17:42,40.7213249206543,-73.84427642822266,40.76836395263672,-73.8617172241211,1
2016-01-18,23:04:37,40.81471633911133,-73.94053649902344,40.81711196899414,-73.95365142822266,1
2016-04-09,08:42:16,40.75682067871094,-73.91429901123047,40.761871337890625,-73.92501831054688,6
2016-02-06,19:38:50,40.734161376953125,-73.86975860595703,40.72880554199219,-73.87693786621094,3
2016-03-02,17:47:26,40.70259475708008,-73.98667907714844,40.761695861816406,-74.0000991821289,1
2016-04-03,14:47:30,40.74748229980469,-73.89088439941406,40.75503158569336,-73.88439178466797,1
2016-04-02,14:56:16,40.745750427246094,-73.94548797607422,40.746490478515625,-73.91899871826172,1
2016-03-03,13:55:47,40.83091735839844,-73.90072631835938,40.826541900634766,-73.90589904785156,2
2016-06-29,07:49:46,40.74751663208008,-73.95612335205078,40.74803161621094,-73.94721984863281,1
2016-04-20,22:08:03,40.842201232910156,-73.92266082763672,40.846256256103516,-73.92237854003906,1
2016-03-12,05:44:40,40.75437927246094,-73.89735412597656,40.75537872314453,-73.99142456054688,1
2016-05-12,15:48:03,40.72390365600586,-73.95033264160156,40.711822509765625,-73.96063232421875,1
2016-03-08,16:25:47,40.80226516723633,-73.95022583007812,40.72475814819336,-73.99406433105469,1
2016-02-21,16:44:41,40.68846130371094,-73.98909759521484,40.6662483215332,-73.99559020996094,1
2016-04-28,18:43:41,40.80646896362305,-73.95006561279297,40.81278610229492,-73.93793487548828,1
2016-03-23,21:48:12,40.711971282958984,-73.9422378540039,40.68367385864258,-73.96591186523438,1
2016-06-11,03:10:00,40.68100357055664,-73.97736358642578,40.66629409790039,-73.95223236083984,1
2016-04-27,20:20:12,40.82301712036133,-73.94210815429688,40.818111419677734,-73.95282745361328,1
2016-01-23,00:05:58,40.68388366699219,-73.97611999511719,40.696598052978516,-73.97456359863281,1
2016-03-24,15:58:49,40.80042266845703,-73.9576187133789,40.80771255493164,-73.9508056640625,1
2016-04-02,13:49:56,40.68297576904297,-73.9644775390625,40.70047378540039,-73.98036193847656,1
2016-02-07,17:22:50,40.69913864135742,-73.80708312988281,40.688446044921875,-73.79906463623047,1
2016-02-10,12:33:29,40.68471908569336,-73.97760009765625,40.69041442871094,-73.96636962890625,1
2016-01-17,03:14:41,40.72698211669922,-73.95254516601562,40.71414566040039,-73.94939422607422,1
2016-04-18,08:07:13,40.815670013427734,-73.95850372314453,40.76115798950195,-73.9953842163086,1
2016-01-14,18:10:12,40.663246154785156,-73.92650604248047,40.61093521118164,-73.920654296875,1
2016-02-20,04:08:01,40.723690032958984,-73.95076751708984,40.69099807739258,-73.94194030761719,1
2016-01-16,07:51:40,40.84713363647461,-73.88348388671875,40.871089935302734,-73.86431121826172,1
2016-06-30,17:18:51,40.67518997192383,-73.97112274169922,40.66025161743164,-73.91024017333984,1
2016-05-10,13:42:15,40.65930938720703,-73.9605941772461,40.67279052734375,-73.94196319580078,1
2016-05-22,03:03:04,40.746986389160156,-73.89105987548828,40.7508544921875,-73.87328338623047,1
2016-02-25,18:30:23,40.717960357666016,-73.95755004882812,40.71234130859375,-73.96414184570312,1
2016-05-31,08:51:30,40.75956726074219,-73.83042907714844,40.76753616333008,-73.845703125,1
2016-02-14,03:53:34,40.81498718261719,-73.94000244140625,40.82379150390625,-73.9386215209961,1
2016-02-22,08:29:41,40.69349670410156,-73.96546936035156,40.69242477416992,-73.99111938476562,1
2016-05-02,20:47:24,40.81330490112305,-73.95626068115234,40.82166290283203,-73.94480895996094,1
2016-03-18,11:37:04,40.79164505004883,-73.953125,40.776336669921875,-73.95388793945312,2
2016-02-10,17:20:17,40.688682556152344,-73.98371124267578,40.6994514465332,-73.98046112060547,1
2016-02-28,00:04:18,40.66611862182617,-73.97570037841797,40.68425750732422,-73.96296691894531,2
2016-05-09,18:11:40,40.74581527709961,-73.90357971191406,40.723594665527344,-73.8942642211914,1
2016-03-07,22:28:12,40.66865539550781,-73.98005676269531,40.67172622680664,-73.95750427246094,1
2016-04-04,18:30:59,40.80887985229492,-73.94450378417969,40.91117477416992,-73.90104675292969,1
2016-02-16,09:02:22,40.68837356567383,-73.99959564208984,40.72401428222656,-73.99703979492188,1
2016-06-18,18:58:41,40.71259689331055,-73.96250915527344,40.77476119995117,-73.91339111328125,4
2016-04-03,10:26:25,40.71710968017578,-73.96302795410156,40.67955017089844,-73.93846130371094,1
2016-02-11,17:44:57,40.74555969238281,-73.9034423828125,40.72803497314453,-73.89976501464844,1
2016-01-14,00:22:40,40.702735900878906,-73.91680145263672,40.67170715332031,-73.98424530029297,1
2016-04-22,09:05:10,40.85806655883789,-73.8840103149414,40.83464431762695,-73.91729736328125,1
2016-03-10,13:45:55,40.71695327758789,-73.80348205566406,40.689552307128906,-73.82002258300781,1
2016-06-12,03:05:04,40.72178268432617,-73.8438949584961,40.71553039550781,-73.85843658447266,6
2016-03-22,09:40:20,40.6961784362793,-73.98399353027344,40.77602767944336,-73.95954895019531,1
2016-01-06,22:16:29,40.795528411865234,-73.94788360595703,40.78545379638672,-73.94976806640625,1
2016-01-18,13:57:39,40.732181549072266,-73.86672973632812,40.7031135559082,-73.90727233886719,1
2016-01-07,17:22:50,40.812347412109375,-73.94205474853516,40.80458068847656,-73.93775939941406,1
2016-06-11,07:48:25,40.69321060180664,-73.96990966796875,40.68705749511719,-73.97830963134766,1
2016-04-02,16:14:17,40.768375396728516,-73.89552307128906,40.78765106201172,-73.97657012939453,1
2016-04-01,06:22:28,40.819297790527344,-73.92683410644531,40.84086990356445,-73.93895721435547,1
2016-02-07,19:23:34,40.689300537109375,-73.99163818359375,40.66624069213867,-73.98368835449219,1
2016-04-06,18:10:52,40.69346618652344,-73.98737335205078,40.767608642578125,-73.98091125488281,1
2016-03-18,03:47:02,40.68571472167969,-73.99112701416016,40.66506576538086,-73.98986053466797,1
2016-05-09,14:15:08,40.80869674682617,-73.95234680175781,40.80130386352539,-73.95232391357422,1
2016-02-27,15:37:23,40.734188079833984,-73.86882781982422,40.735511779785156,-73.86192321777344,1
2016-04-23,13:36:49,40.74598693847656,-73.89898681640625,40.74248123168945,-73.87838745117188,1
2016-03-27,14:29:34,40.81046676635742,-73.95087432861328,40.820701599121094,-73.94283294677734,1
2016-06-17,09:51:28,40.74235534667969,-73.87395477294922,40.710208892822266,-74.00482940673828,2
2016-05-26,00:06:17,40.67717361450195,-73.97258758544922,40.65681838989258,-73.96063995361328,1
2016-04-07,08:25:24,40.75239562988281,-73.94741821289062,40.75370788574219,-73.98753356933594,1
2016-02-14,18:12:15,40.709964752197266,-73.96221923828125,40.70305633544922,-73.92752838134766,1
2016-02-28,07:41:31,40.79340362548828,-73.94961547851562,40.80348587036133,-73.9354019165039,1
2016-06-16,07:29:53,40.800018310546875,-73.94465637207031,40.79377746582031,-73.96678924560547,1
2016-04-24,05:11:29,40.747684478759766,-73.88548278808594,40.69608688354492,-73.90473175048828,1
2016-05-14,02:32:37,40.759395599365234,-73.83058166503906,40.76036071777344,-73.81485748291016,1
2016-04-20,14:14:28,40.6921272277832,-73.9518814086914,40.672691345214844,-73.95304870605469,1
2016-04-04,09:07:45,40.78640365600586,-73.9525146484375,40.76285171508789,-73.9819564819336,2
2016-03-08,15:24:35,40.819618225097656,-73.94071960449219,40.80876159667969,-73.94862365722656,1
2016-03-19,01:20:00,40.729915618896484,-73.86144256591797,40.741817474365234,-73.90422821044922,2
2016-02-16,22:21:35,40.7100944519043,-73.9625015258789,40.69798278808594,-73.9947738647461,1
2016-02-06,02:12:34,40.759368896484375,-73.83049774169922,40.74290466308594,-73.82284545898438,1
2016-03-26,15:40:30,40.74944305419922,-73.86965942382812,40.75886154174805,-73.87191009521484,5
2016-02-27,22:11:59,40.76536560058594,-73.931396484375,40.76373291015625,-73.92810821533203,2
2016-06-03,10:27:47,40.80491638183594,-73.93920135498047,40.797462463378906,-73.9425048828125,1
2016-02-16,10:33:45,40.68631362915039,-73.95613861083984,40.64608383178711,-73.77641296386719,3
2016-05-28,16:58:03,40.73399353027344,-73.86912536621094,40.75362777709961,-73.8260269165039,1
2016-01-29,09:03:52,40.80536651611328,-73.93909454345703,40.807350158691406,-73.9645767211914,1
2016-04-22,06:02:23,40.81795883178711,-73.94190979003906,40.767250061035156,-73.98233032226562,1
2016-04-26,13:58:41,40.790870666503906,-73.95384979248047,40.628658294677734,-73.9875717163086,1
2016-04-30,19:20:49,40.70051574707031,-73.80780792236328,40.688846588134766,-73.8016128540039,1
2016-02-16,16:38:45,40.829673767089844,-73.93709564208984,40.821266174316406,-73.94486236572266,1
2016-04-01,08:56:06,40.8398323059082,-73.8577651977539,40.8560905456543,-73.84864044189453,1
2016-02-01,21:43:58,40.68365478515625,-73.96760559082031,40.64485168457031,-73.95350646972656,1
2016-02-03,21:48:01,40.746849060058594,-73.8909912109375,40.7585563659668,-73.8802261352539,1
2016-04-17,10:09:59,40.80893325805664,-73.94813537597656,40.817771911621094,-73.95350646972656,2
2016-01-01,23:34:19,40.765357971191406,-73.91380310058594,40.74595642089844,-73.90324401855469,1
2016-06-07,06:52:36,40.678680419921875,-73.92159271240234,40.700374603271484,-73.94132232666016,1
2016-01-22,22:40:11,40.8016242980957,-73.93331909179688,40.83237838745117,-73.89047241210938,1
2016-02-27,22:32:55,40.68828201293945,-73.96578979492188,40.63161849975586,-73.89002990722656,1
2016-04-26,16:53:32,40.769615173339844,-73.92315673828125,40.74892807006836,-73.94232940673828,1
2016-04-21,14:21:02,40.788414001464844,-73.9441146850586,40.78122329711914,-73.97238159179688,1
2016-05-30,02:44:41,40.802181243896484,-73.9500503540039,40.80175018310547,-73.96308898925781,1
2016-01-20,20:28:22,40.68031311035156,-73.94335174560547,40.669246673583984,-73.9068374633789,1
2016-05-31,06:19:05,40.74848175048828,-73.942138671875,40.77656173706055,-73.98954010009766,1
2016-03-04,22:00:27,40.84275817871094,-73.9195785522461,40.861732482910156,-73.89860534667969,1
2016-06-10,23:23:17,40.805633544921875,-73.9544906616211,40.824951171875,-73.9370346069336,2
2016-03-23,17:19:06,40.790916442871094,-73.95381164550781,40.781524658203125,-73.95629119873047,1
2016-06-17,12:55:37,40.80033493041992,-73.9354476928711,40.75996780395508,-73.99639129638672,1
2016-06-21,16:58:47,40.75611877441406,-73.93003845214844,40.76559829711914,-73.90924072265625,1
2016-06-14,21:56:34,40.69924545288086,-73.80675506591797,40.67314910888672,-73.79571533203125,1
2016-04-24,04:45:29,40.71763229370117,-73.96014404296875,40.719017028808594,-73.95384216308594,2
2016-06-07,16:10:57,40.721275329589844,-73.84400939941406,40.71165084838867,-73.85442352294922,2
2016-01-20,07:44:16,40.67966079711914,-73.93501281738281,40.66002655029297,-73.90480041503906,1
2016-01-17,05:09:02,40.65637969970703,-73.9073486328125,40.63484191894531,-73.9382553100586,1
2016-05-08,13:42:19,40.82639694213867,-73.90618896484375,40.814292907714844,-73.89842987060547,1
2016-06-24,21:38:48,40.67976379394531,-73.9495620727539,40.682708740234375,-73.91607666015625,5
2016-04-22,15:45:25,40.6927490234375,-73.99067687988281,40.67310333251953,-73.97972106933594,1
2016-06-04,20:47:41,40.749969482421875,-73.86178588867188,40.759117126464844,-73.87940979003906,1
2016-03-22,08:24:55,40.849403381347656,-73.93378448486328,40.78008270263672,-73.95523834228516,1
2016-02-12,00:05:15,40.824825286865234,-73.86083984375,40.826934814453125,-73.90904998779297,4
2016-04-29,00:05:51,40.734127044677734,-73.95489501953125,40.759666442871094,-73.95130157470703,1
2016-05-09,15:31:41,40.74571228027344,-73.90328216552734,40.75955581665039,-73.91856384277344,1
2016-06-16,18:12:16,40.69371032714844,-73.98739624023438,40.64824676513672,-73.95223236083984,1
2016-06-23,17:49:58,40.805908203125,-73.94043731689453,40.80839157104492,-73.94281005859375,6
2016-03-02,08:02:01,40.82203674316406,-73.94017791748047,40.81313705444336,-73.94548034667969,1
2016-06-19,10:53:33,40.761680603027344,-73.92549133300781,40.75523376464844,-73.92984008789062,1
2016-03-19,01:33:32,40.71416091918945,-73.95540618896484,40.67743682861328,-73.96759033203125,2
2016-01-10,03:59:45,40.74578094482422,-73.90348052978516,40.75550842285156,-73.88915252685547,1
2016-01-06,20:39:33,40.73451232910156,-73.8692626953125,40.68363571166992,-73.91735076904297,1
2016-01-15,22:10:11,40.71370315551758,-73.8304443359375,40.686832427978516,-73.8086929321289,1
2016-02-18,18:52:42,40.74066925048828,-73.87945556640625,40.70869827270508,-73.86599731445312,1
2016-05-20,18:04:35,40.80916213989258,-73.94894409179688,40.81034469604492,-73.95266723632812,1
2016-01-11,09:10:19,40.78537368774414,-73.94928741455078,40.804779052734375,-73.93893432617188,1
2016-03-03,01:59:46,40.70722961425781,-73.95439910888672,40.69297409057617,-73.92817687988281,1
2016-03-15,16:59:27,40.74763870239258,-73.88402557373047,40.74140167236328,-73.85530853271484,1
2016-03-01,18:34:19,40.702457427978516,-73.98757934570312,40.67744445800781,-73.96366119384766,1
2016-04-30,11:29:21,40.791160583496094,-73.95333099365234,40.78105545043945,-73.95674133300781,1
2016-04-19,06:49:09,40.74650955200195,-73.89051055908203,40.743247985839844,-73.91749572753906,1
2016-05-14,11:44:37,40.75678634643555,-73.92072296142578,40.76507568359375,-73.90747833251953,1
2016-05-08,19:59:14,40.69935989379883,-73.9920883178711,40.69107437133789,-73.9972915649414,1
2016-02-07,08:05:34,40.8106803894043,-73.95238494873047,40.7901611328125,-73.95428466796875,1
2016-04-29,00:57:39,40.686988830566406,-73.99028778076172,40.700653076171875,-73.94226837158203,1
2016-02-21,18:17:03,40.69001007080078,-73.98267364501953,40.6931037902832,-73.96849822998047,1
2016-05-30,17:34:47,40.805816650390625,-73.93925476074219,40.77899932861328,-73.94668579101562,1
2016-06-02,22:05:32,40.71049880981445,-73.96682739257812,40.688899993896484,-73.97590637207031,1
2016-03-13,19:29:05,40.72185516357422,-73.9579849243164,40.7071418762207,-73.95160675048828,1
2016-05-19,01:25:04,40.72373962402344,-73.95094299316406,40.67623519897461,-74.00041961669922,1
2016-02-25,08:47:14,40.690452575683594,-73.96626281738281,40.77320098876953,-73.8856201171875,1
2016-02-26,15:10:10,40.74677658081055,-73.8904800415039,40.764949798583984,-73.87662506103516,1
2016-02-26,10:24:33,40.856781005859375,-73.84393310546875,40.85330581665039,-73.84333801269531,1
2016-02-01,13:36:23,40.80675506591797,-73.961181640625,40.787353515625,-73.97164154052734,2
2016-03-27,01:33:49,40.72085952758789,-73.95515441894531,40.6701774597168,-73.95671081542969,1
2016-02-21,02:32:33,40.810203552246094,-73.95144653320312,40.612125396728516,-74.1539077758789,1
2016-02-15,22:25:41,40.78608322143555,-73.95117950439453,40.75530242919922,-73.97161865234375,1
2016-04-09,22:27:55,40.679908752441406,-73.98942565917969,40.59687042236328,-73.98336029052734,3
2016-06-23,17:51:32,40.78907012939453,-73.95494079589844,40.7908935546875,-73.97439575195312,1
2016-01-28,21:10:08,40.66086959838867,-73.96138000488281,40.664947509765625,-73.94207000732422,1
2016-02-06,10:56:38,40.69036102294922,-73.96046447753906,40.68986129760742,-73.98088073730469,1
2016-06-04,22:56:40,40.68650436401367,-73.99057006835938,40.71868133544922,-73.98853302001953,5
2016-02-04,11:59:18,40.66447830200195,-73.98348999023438,40.67513656616211,-73.97491455078125,1
2016-05-21,18:06:10,40.71316909790039,-73.96199798583984,40.64725112915039,-73.96881866455078,1
2016-04-26,16:36:09,40.829402923583984,-73.91654968261719,40.82441329956055,-73.9137954711914,1
2016-04-27,18:39:13,40.790828704833984,-73.95382690429688,40.75983810424805,-73.96682739257812,1
2016-05-25,07:36:56,40.777549743652344,-73.92045593261719,40.758548736572266,-73.97372436523438,1
2016-04-18,08:47:37,40.67030715942383,-73.92337036132812,40.67063903808594,-73.9305191040039,1
2016-01-06,16:14:10,40.740692138671875,-73.8536148071289,40.73497772216797,-73.87132263183594,1
2016-06-15,20:14:27,40.76669692993164,-73.92139434814453,40.768882751464844,-73.91116333007812,1
2016-03-31,10:05:12,40.74393081665039,-73.92322540283203,40.73322677612305,-73.95819854736328,1
2016-02-09,09:42:51,40.68088150024414,-73.95565032958984,40.68474578857422,-73.98544311523438,1
2016-04-07,18:25:31,40.806880950927734,-73.96088409423828,40.768341064453125,-73.86163330078125,1
2016-01-06,10:47:52,40.68879318237305,-73.98543548583984,40.673099517822266,-73.98198699951172,1
2016-02-19,16:12:08,40.73693084716797,-73.87744903564453,40.744869232177734,-73.88700866699219,1
2016-03-19,05:28:12,40.6915397644043,-73.98450469970703,40.77410888671875,-73.87089538574219,1
2016-03-22,12:20:29,40.789833068847656,-73.95226287841797,40.78910446166992,-73.95426177978516,1
2016-05-20,23:41:18,40.81562805175781,-73.95818328857422,40.84828567504883,-73.93743896484375,4
2016-06-18,19:11:58,40.74615478515625,-73.90316772460938,40.72105026245117,-73.95548248291016,1
2016-03-28,17:31:46,40.78945541381836,-73.9519271850586,40.79274368286133,-73.96774291992188,1
2016-02-24,19:44:03,40.68620681762695,-73.98690032958984,40.69078826904297,-73.99607849121094,1
2016-04-30,19:36:15,40.8051643371582,-73.93930053710938,40.81801986694336,-73.96074676513672,1
2016-03-15,16:19:30,40.81034851074219,-73.94359588623047,40.795555114746094,-73.93228149414062,1
2016-06-19,12:27:31,40.68672561645508,-73.9840087890625,40.67483139038086,-73.98812103271484,1
2016-05-29,16:46:01,40.745140075683594,-73.9533920288086,40.75436019897461,-73.9358139038086,1
2016-04-23,23:53:22,40.680118560791016,-73.94379425048828,40.690765380859375,-73.95838928222656,1
2016-03-30,13:10:39,40.7593994140625,-73.91295623779297,40.765079498291016,-73.92487335205078,1
2016-02-21,23:14:47,40.71393585205078,-73.95156860351562,40.69727325439453,-73.8988265991211,1
2016-03-30,02:09:48,40.684505462646484,-73.99203491210938,40.685001373291016,-73.9800796508789,1
2016-01-19,00:08:49,40.719993591308594,-73.95538330078125,40.772708892822266,-73.9552001953125,1
2016-06-19,08:29:55,40.73042678833008,-73.86214447021484,40.7056770324707,-73.81021118164062,1
2016-06-22,10:37:00,40.77545166015625,-73.91171264648438,40.74998474121094,-73.97441864013672,1
2016-01-10,13:29:39,40.74834442138672,-73.863525390625,40.76243209838867,-73.92605590820312,1
2016-01-31,23:03:50,40.68534851074219,-73.99142456054688,40.67753982543945,-74.01187896728516,1
2016-06-05,19:17:52,40.710269927978516,-73.96311950683594,40.69748306274414,-73.93641662597656,1
2016-06-17,13:58:56,40.77012252807617,-73.91802978515625,40.768463134765625,-73.86199951171875,1
2016-01-10,04:49:45,40.818443298339844,-73.92727661132812,40.88101577758789,-73.87555694580078,1
2016-06-19,12:35:38,40.84153366088867,-73.9395523071289,40.7581672668457,-73.99136352539062,1
2016-03-24,12:23:37,40.8076171875,-73.96038055419922,40.81311798095703,-73.95634460449219,1
2016-04-09,12:21:57,40.79647445678711,-73.94947814941406,40.76692199707031,-73.96269989013672,1
2016-01-21,08:48:30,40.73394775390625,-73.87086486816406,40.741424560546875,-73.90168762207031,1
2016-03-11,13:01:15,40.865455627441406,-73.86819458007812,40.86316680908203,-73.89212036132812,1
2016-06-02,17:44:54,40.805442810058594,-73.93893432617188,40.78178787231445,-73.95603942871094,1
2016-05-01,14:19:00,40.823150634765625,-73.9426498413086,40.813446044921875,-73.9177474975586,1
2016-02-23,19:33:00,40.75455093383789,-73.8941421508789,40.74756622314453,-73.8741683959961,1
2016-02-06,21:03:02,40.820953369140625,-73.94320678710938,40.80146789550781,-73.95755767822266,1
2016-05-04,13:42:00,40.6867561340332,-73.99595642089844,40.68010711669922,-74.00577545166016,1
2016-05-10,08:32:52,40.76820373535156,-73.92925262451172,40.7545280456543,-73.9420394897461,1
2016-02-25,16:40:15,40.80205154418945,-73.94365692138672,40.81386184692383,-73.94463348388672,1
2016-01-07,17:40:23,40.734134674072266,-73.87113189697266,40.76438522338867,-73.88982391357422,1
2016-02-07,17:52:11,40.8664665222168,-73.92474365234375,40.78315734863281,-73.95093536376953,1
2016-03-12,21:17:12,40.766632080078125,-73.92144775390625,40.75537109375,-73.92530822753906,1
2016-02-13,15:08:29,40.748287200927734,-73.87857818603516,40.68718719482422,-73.86241912841797,1
2016-04-25,13:10:24,40.81117630004883,-73.92156982421875,40.80113983154297,-73.94956970214844,1
2016-05-06,02:34:44,40.698280334472656,-73.9249267578125,40.73536682128906,-74.00027465820312,1
2016-05-09,04:47:00,40.747955322265625,-73.8852767944336,40.75352096557617,-73.85856628417969,1
2016-04-03,11:58:54,40.81378936767578,-73.94098663330078,40.818355560302734,-73.91873168945312,1
2016-06-25,11:34:33,40.6889533996582,-73.95294189453125,40.774169921875,-73.87342834472656,1
2016-04-13,19:07:09,40.69356918334961,-73.98895263671875,40.68684768676758,-73.97781372070312,1
2016-06-26,19:53:01,40.65476608276367,-73.95962524414062,40.69222640991211,-73.93720245361328,1
2016-02-09,21:22:42,40.733978271484375,-73.87107849121094,40.75717544555664,-73.89319610595703,1
2016-04-11,00:21:09,40.7474479675293,-73.95631408691406,40.761329650878906,-73.95055389404297,1
2016-02-21,00:10:59,40.67685317993164,-73.98011016845703,40.654998779296875,-74.0107192993164,1
2016-03-22,12:28:23,40.874961853027344,-73.88616180419922,40.84410095214844,-73.91141510009766,1
2016-02-27,13:22:44,40.797245025634766,-73.9491958618164,40.795536041259766,-73.96566009521484,1
2016-04-02,17:59:46,40.714176177978516,-73.9555892944336,40.71916580200195,-73.85601806640625,1
2016-04-20,23:12:51,40.77445602416992,-73.912841796875,40.76186752319336,-73.9150619506836,1
2016-04-05,09:14:23,40.692352294921875,-73.99100494384766,40.68860626220703,-73.99279022216797,1
2016-01-20,12:58:01,40.80813980102539,-73.96004486083984,40.64382553100586,-73.78321075439453,1
2016-02-07,14:52:16,40.79493713378906,-73.9443588256836,40.77661895751953,-73.9619140625,1
2016-03-25,11:35:09,40.807701110839844,-73.94518280029297,40.7800178527832,-73.96102142333984,1
2016-03-15,00:36:50,40.74567794799805,-73.90327453613281,40.774871826171875,-73.89253997802734,1
2016-01-30,07:30:00,40.7618408203125,-73.92322540283203,40.77708053588867,-73.95587158203125,1
2016-06-13,18:46:38,40.80579376220703,-73.93909454345703,40.85762023925781,-73.93196105957031,1
2016-06-12,17:43:01,40.80592346191406,-73.93909454345703,40.788631439208984,-73.95126342773438,1
2016-01-27,10:22:08,40.83265686035156,-73.90496826171875,40.845340728759766,-73.89105987548828,1
2016-03-13,04:08:55,40.71364974975586,-73.93392181396484,40.69792175292969,-73.90814208984375,1
2016-03-16,22:51:34,40.68011474609375,-73.94413757324219,40.681922912597656,-73.89348602294922,1
2016-02-11,12:56:41,40.743770599365234,-73.92628479003906,40.76762771606445,-73.91323852539062,1
2016-04-16,11:23:10,40.692508697509766,-73.99079895019531,40.64603042602539,-73.9997329711914,1
2016-04-27,12:07:57,40.78969192504883,-73.9521484375,40.73322677612305,-73.98435974121094,1
2016-04-24,16:24:22,40.72907257080078,-73.95748901367188,40.62260055541992,-74.0313949584961,1
2016-02-23,12:42:05,40.69397735595703,-73.98723602294922,40.603233337402344,-73.98067474365234,1
2016-05-02,16:47:28,40.80510330200195,-73.93930053710938,40.79586410522461,-73.93257904052734,1
2016-03-06,17:51:23,40.74147033691406,-73.90545654296875,40.747493743896484,-73.88674926757812,1
2016-04-05,07:51:27,40.80411148071289,-73.93761444091797,40.75442886352539,-73.92825317382812,1
2016-06-14,19:11:28,40.67120361328125,-73.99581146240234,40.71215057373047,-73.99539184570312,1
2016-01-31,01:26:42,40.63794708251953,-73.95301818847656,40.67736053466797,-73.97245788574219,1
2016-05-13,09:32:23,40.84247970581055,-73.92424774169922,40.85651397705078,-73.84835815429688,1
2016-02-18,23:48:43,40.83278274536133,-73.86134338378906,40.818580627441406,-73.85069274902344,1
2016-06-03,18:49:02,40.74616622924805,-73.94186401367188,40.758182525634766,-73.9195327758789,1
2016-02-19,17:30:02,40.7328987121582,-73.86380767822266,40.862083435058594,-73.92729949951172,1
2016-01-21,09:56:23,40.818241119384766,-73.94654846191406,40.74918746948242,-73.9801254272461,1
2016-03-31,23:29:29,40.81532669067383,-73.9580078125,40.833858489990234,-73.94485473632812,1
2016-02-10,11:43:16,40.69916534423828,-73.99139404296875,40.71895980834961,-73.98995971679688,1
2016-06-24,20:26:12,40.80970001220703,-73.9476318359375,40.8244743347168,-73.93758392333984,1
2016-03-15,20:57:20,40.766700744628906,-73.92162322998047,40.76424026489258,-73.92973327636719,2
2016-06-27,19:41:43,40.79146957397461,-73.94468688964844,40.80048370361328,-73.9459457397461,1
2016-06-21,16:14:35,40.68488311767578,-73.97777557373047,40.67415237426758,-73.95630645751953,1
2016-02-25,12:35:41,40.74441146850586,-73.94920349121094,40.77431869506836,-73.87271118164062,3
2016-03-05,23:30:50,40.67348861694336,-73.98271942138672,40.683631896972656,-73.99060821533203,6
2016-02-02,17:37:16,40.799434661865234,-73.95171356201172,40.77897644042969,-73.9518051147461,2
2016-04-23,10:47:09,40.817630767822266,-73.94214630126953,40.809146881103516,-73.94801330566406,1
2016-06-30,18:15:04,40.69279861450195,-73.99079895019531,40.66535186767578,-73.98957061767578,1
2016-04-09,18:57:11,40.80841064453125,-73.95242309570312,40.76403045654297,-73.98123168945312,1
2016-05-19,02:28:31,40.6871337890625,-73.94315338134766,40.68900680541992,-73.94526672363281,1
2016-01-11,17:48:30,40.76162338256836,-73.92546844482422,40.732818603515625,-73.8959732055664,1
2016-06-05,13:50:56,40.745635986328125,-73.90386962890625,40.736026763916016,-73.90803527832031,1
2016-06-09,00:41:06,40.70241165161133,-73.98756408691406,40.677391052246094,-73.95467376708984,1
2016-03-16,11:21:28,40.66075134277344,-73.96086883544922,40.7503547668457,-73.99471282958984,1
2016-02-09,12:26:12,40.76401138305664,-73.92779541015625,40.77021408081055,-73.92376708984375,1
2016-02-21,01:23:53,40.72218322753906,-73.95875549316406,40.74606704711914,-73.9524154663086,1
2016-06-04,03:02:34,40.71686553955078,-73.9588394165039,40.71598815917969,-73.94292449951172,3
2016-01-08,11:09:26,40.5867919921875,-73.95404815673828,40.585758209228516,-73.9324951171875,1
2016-05-27,00:11:29,40.72377395629883,-73.95099639892578,40.66816711425781,-73.99073791503906,1
2016-06-04,14:12:13,40.67632293701172,-73.98371887207031,40.71808624267578,-73.98719024658203,1
2016-04-23,11:33:42,40.68510437011719,-73.98883056640625,40.631107330322266,-74.00239562988281,1
2016-02-01,23:13:01,40.68038558959961,-73.94933319091797,40.68411636352539,-73.97594451904297,1
2016-02-19,22:46:11,40.8099365234375,-73.93754577636719,40.81686019897461,-73.9454116821289,1
2016-06-09,23:27:03,40.751953125,-73.9265365600586,40.715789794921875,-73.7859115600586,1
2016-05-05,00:40:23,40.757911682128906,-73.9166030883789,40.762451171875,-73.92636108398438,2
2016-06-17,18:23:15,40.76694869995117,-73.89119720458984,40.77487564086914,-73.9135513305664,1
2016-06-17,19:46:31,40.79806900024414,-73.94068145751953,40.788265228271484,-73.9472885131836,1
2016-05-21,01:06:59,40.85572814941406,-73.92900085449219,40.87088394165039,-73.90140533447266,1
2016-04-03,12:48:22,40.700435638427734,-73.80748748779297,40.67306900024414,-73.83348846435547,1
2016-04-24,13:32:59,40.668819427490234,-73.9854965209961,40.72866439819336,-73.98458099365234,1
2016-02-16,18:33:39,40.66911315917969,-73.98597717285156,40.665496826171875,-73.98285675048828,1
2016-04-16,10:10:15,40.798667907714844,-73.93644714355469,40.7806510925293,-73.94448852539062,1
2016-01-08,08:48:27,40.734466552734375,-73.95509338378906,40.71795654296875,-73.95785522460938,1
2016-06-20,00:46:10,40.746700286865234,-73.89155578613281,40.736968994140625,-73.86823272705078,2
2016-03-12,22:35:15,40.68772888183594,-73.98699951171875,40.67292022705078,-73.95514678955078,1
2016-03-30,23:12:58,40.801937103271484,-73.95702362060547,40.780487060546875,-73.95333862304688,1
2016-01-06,20:19:51,40.74742889404297,-73.88688659667969,40.75389099121094,-73.88026428222656,1
2016-05-18,21:49:35,40.67900848388672,-73.97868347167969,40.62432098388672,-73.99871063232422,1
2016-01-28,22:10:08,40.82847213745117,-73.880859375,40.8069953918457,-73.91789245605469,1
2016-02-04,19:34:59,40.797813415527344,-73.94009399414062,40.79310989379883,-73.94564056396484,1
2016-02-14,10:00:35,40.69259262084961,-73.96194458007812,40.751731872558594,-73.98027038574219,1
2016-06-20,17:35:46,40.83443832397461,-73.94446563720703,40.84867858886719,-73.93937683105469,1
2016-02-13,09:25:31,40.79007339477539,-73.94318389892578,40.807987213134766,-73.94510650634766,1
2016-01-07,11:21:21,40.58560562133789,-73.9660873413086,40.58141326904297,-73.95553588867188,1
2016-01-26,18:36:32,40.76702117919922,-73.92155456542969,40.77097702026367,-73.93390655517578,1
2016-03-20,05:35:08,40.72235870361328,-73.9573745727539,40.72344207763672,-73.95781707763672,1
2016-04-18,13:21:21,40.75117111206055,-73.87419891357422,40.776145935058594,-73.92756652832031,2
2016-04-28,23:00:56,40.71692657470703,-73.9632568359375,40.71699905395508,-73.99848175048828,1
2016-03-05,02:35:33,40.707611083984375,-73.93981170654297,40.69404602050781,-73.9057846069336,1
2016-04-15,22:21:44,40.747352600097656,-73.88566589355469,40.76360321044922,-73.8794174194336,1
2016-03-04,12:52:52,40.80059051513672,-73.93505859375,40.79713439941406,-73.940185546875,1
2016-06-26,18:12:17,40.753658294677734,-73.90412902832031,40.747013092041016,-73.88980102539062,1
2016-01-04,20:18:30,40.676048278808594,-73.94999694824219,40.643680572509766,-73.79027557373047,1
2016-03-20,20:17:30,40.67316818237305,-73.98652648925781,40.6447639465332,-73.95429992675781,1
2016-02-13,11:05:27,40.76155090332031,-73.92538452148438,40.77681350708008,-73.95560455322266,1
2016-05-23,21:35:00,40.74528121948242,-73.9037857055664,40.75248336791992,-73.89646911621094,5
2016-03-22,08:53:57,40.67757034301758,-73.9931411743164,40.677024841308594,-73.99373626708984,1
2016-02-23,20:29:22,40.689476013183594,-73.99177551269531,40.67704772949219,-73.97792053222656,1
2016-01-21,18:31:52,40.71299743652344,-73.9621353149414,40.7086296081543,-73.93771362304688,1
2016-02-16,15:51:42,40.73118209838867,-73.87409973144531,40.72507858276367,-73.94060516357422,1
2016-02-01,15:30:20,40.69344711303711,-73.96637725830078,40.67497253417969,-73.949951171875,1
2016-06-02,14:29:53,40.8039665222168,-73.96630096435547,40.82901382446289,-73.93995666503906,1
2016-03-27,21:32:38,40.700191497802734,-73.80757904052734,40.693397521972656,-73.85103607177734,1
2016-04-17,22:59:31,40.710384368896484,-73.9643325805664,40.80607223510742,-73.94791412353516,1
2016-03-02,22:57:52,40.789527893066406,-73.95214080810547,40.8248176574707,-73.90504455566406,5
2016-05-10,18:55:22,40.70255661010742,-73.98979949951172,40.714786529541016,-73.95196533203125,1
2016-01-17,13:57:28,40.81886291503906,-73.94482421875,40.76899719238281,-73.98235321044922,2
2016-05-15,04:58:53,40.69853210449219,-73.94041442871094,40.75337600708008,-73.97221374511719,5
2016-01-21,18:31:28,40.74691390991211,-73.89108276367188,40.74191665649414,-73.90233612060547,1
2016-02-03,16:04:17,40.80437088012695,-73.9671401977539,40.77402114868164,-73.95751190185547,1
2016-01-29,23:19:12,40.682437896728516,-73.96197509765625,40.69154357910156,-73.98428344726562,1
2016-01-08,19:02:34,40.75738525390625,-73.9268569946289,40.729671478271484,-73.9521713256836,1
2016-01-14,21:49:59,40.80503463745117,-73.93899536132812,40.78962707519531,-73.9753646850586,1
2016-06-08,00:01:58,40.62821960449219,-73.89849853515625,40.660518646240234,-73.91780853271484,1
2016-05-10,17:42:50,40.80380630493164,-73.96377563476562,40.785003662109375,-73.96963500976562,1
2016-02-07,14:47:54,40.76094436645508,-73.92310333251953,40.76827621459961,-73.90812683105469,1
2016-04-28,08:17:55,40.721336364746094,-73.8442611694336,40.71925735473633,-73.86811828613281,1
2016-01-27,22:03:58,40.68269729614258,-73.96288299560547,40.676002502441406,-73.98380279541016,1
2016-04-05,23:06:38,40.80925750732422,-73.94442749023438,40.84852981567383,-73.93822479248047,1
2016-03-03,23:26:53,40.686866760253906,-73.97761535644531,40.66135025024414,-73.95702362060547,2
2016-05-31,09:20:56,40.80936050415039,-73.95108032226562,40.80284881591797,-73.96219635009766,1
2016-01-05,11:24:51,40.847042083740234,-73.93177032470703,40.838623046875,-73.9398193359375,2
2016-06-01,20:01:11,40.69930648803711,-73.80695343017578,40.6795768737793,-73.8105697631836,1
2016-02-05,00:38:08,40.694679260253906,-73.95500183105469,40.69706726074219,-73.93556213378906,1
2016-06-18,18:13:22,40.74209213256836,-73.86204528808594,40.75265121459961,-73.86671447753906,1
2016-01-16,03:23:13,40.68232345581055,-73.99589538574219,40.64280319213867,-73.9825439453125,1
2016-05-07,10:31:00,40.68721389770508,-73.97428131103516,40.69319152832031,-73.9668197631836,1
2016-03-14,02:37:00,40.67966079711914,-73.93509674072266,40.682926177978516,-73.96419525146484,1
2016-05-06,08:25:30,40.66456985473633,-73.98350524902344,40.67738723754883,-73.98600769042969,1
2016-04-17,15:25:00,40.82273483276367,-73.94209289550781,40.81132125854492,-73.94015502929688,1
2016-04-28,17:22:51,40.70243835449219,-73.98686981201172,40.67877960205078,-73.97398376464844,1
2016-04-28,18:16:16,40.726348876953125,-73.94871520996094,40.69625473022461,-73.93278503417969,1
2016-04-23,05:41:10,40.85411834716797,-73.933837890625,40.774253845214844,-73.87109375,1
2016-05-13,01:56:27,40.700172424316406,-73.91641998291016,40.69809341430664,-73.92603302001953,2
2016-03-13,21:00:16,40.71384048461914,-73.96174621582031,40.67691421508789,-73.93640899658203,1
2016-05-15,15:55:56,40.79351806640625,-73.9493637084961,40.7757453918457,-73.9561767578125,1
2016-06-11,19:46:07,40.83839797973633,-73.90099334716797,40.85028839111328,-73.89431762695312,1
2016-05-10,14:56:51,40.75952911376953,-73.83037567138672,40.75791549682617,-73.8209457397461,1
2016-04-22,20:50:15,40.69126510620117,-73.9655532836914,40.68157958984375,-73.95806121826172,1
2016-02-26,00:21:15,40.8050422668457,-73.95476531982422,40.7846794128418,-73.94554901123047,3
2016-04-20,15:05:07,40.7200927734375,-73.80878448486328,40.7440071105957,-73.89598846435547,2
2016-01-16,19:36:25,40.74547576904297,-73.95674133300781,40.703765869140625,-73.82962799072266,1
2016-04-14,14:19:55,40.674583435058594,-73.98169708251953,40.70622253417969,-74.00753021240234,3
2016-04-08,18:19:42,40.720680236816406,-73.8443832397461,40.606422424316406,-73.82038879394531,1
2016-02-25,07:28:54,40.785343170166016,-73.94945526123047,40.75126266479492,-74.00674438476562,2
2016-04-24,22:11:26,40.68246078491211,-73.9251708984375,40.68632125854492,-73.93003845214844,1
2016-04-14,11:46:30,40.747806549072266,-73.890625,40.74349594116211,-73.87401580810547,1
2016-03-28,19:37:40,40.6945915222168,-73.994384765625,40.733890533447266,-73.9771957397461,1
2016-06-04,17:38:52,40.70115280151367,-73.9867935180664,40.699642181396484,-73.99193572998047,1
2016-01-01,03:01:28,40.80759811401367,-73.9449691772461,40.8017463684082,-73.934326171875,1
2016-02-27,09:40:15,40.821285247802734,-73.954345703125,40.740116119384766,-73.99561309814453,1
