2016-04-01,08:56:57,40.80427169799805,-73.9554443359375,40.818275451660156,-73.95105743408203,1
2016-01-01,14:14:57,40.81288528442383,-73.94187927246094,40.78150177001953,-73.9583511352539,1
2016-01-09,00:33:22,40.67679977416992,-73.9635009765625,40.64305114746094,-73.95968627929688,1
2016-06-29,17:13:02,40.698001861572266,-73.97563171386719,40.689029693603516,-73.91763305664062,1
2016-04-22,06:37:58,40.69535446166992,-73.99571990966797,40.75615692138672,-73.96221923828125,1
2016-02-22,18:19:08,40.71259689331055,-73.9625473022461,40.77045440673828,-73.86495208740234,1
2016-05-06,08:06:27,40.73131561279297,-73.84901428222656,40.722206115722656,-73.84458923339844,1
2016-03-15,18:47:18,40.71467590332031,-73.94369506835938,40.71528244018555,-73.93729400634766,1
2016-06-08,20:02:33,40.82715606689453,-73.94290161132812,40.79428482055664,-73.94134521484375,2
2016-06-27,13:31:09,40.77824783325195,-73.91966247558594,40.75614547729492,-73.96760559082031,1
2016-03-23,09:17:44,40.807437896728516,-73.96065521240234,40.84160614013672,-73.94147491455078,1
2016-03-11,17:30:14,40.79628372192383,-73.93608856201172,40.83293533325195,-73.9173583984375,1
2016-04-26,19:56:41,40.82817077636719,-73.92581176757812,40.8310546875,-73.92807006835938,1
2016-03-17,21:58:58,40.81560134887695,-73.93988800048828,40.80888366699219,-73.94473266601562,1
2016-03-22,16:09:24,40.81269836425781,-73.93745422363281,40.850318908691406,-74.01274108886719,1
2016-04-23,07:21:44,40.75957107543945,-73.83039855957031,40.69966125488281,-73.8153305053711,2
2016-04-17,23:07:22,40.80146026611328,-73.95022583007812,40.80244827270508,-73.96408081054688,1
2016-05-13,09:00:22,40.808685302734375,-73.95173645019531,40.75013732910156,-73.99137878417969,1
2016-03-11,07:01:08,40.717041015625,-73.95854949951172,40.77261734008789,-73.9861068725586,1
2016-04-24,02:19:32,40.764076232910156,-73.91488647460938,40.76125717163086,-73.9351577758789,5
2016-01-07,17:44:26,40.680877685546875,-73.99665069580078,40.654258728027344,-73.97427368164062,3
2016-01-17,02:11:48,40.68906021118164,-73.95507049560547,40.67129898071289,-73.92686462402344,1
2016-01-31,12:45:55,40.78569030761719,-73.95012664794922,40.794132232666016,-73.97215270996094,1
2016-04-18,15:23:51,40.803001403808594,-73.95252227783203,40.82730484008789,-73.93861389160156,1
2016-05-18,21:29:11,40.70264434814453,-73.99047088623047,40.67416000366211,-73.94574737548828,3
2016-06-23,12:52:59,40.68377685546875,-73.99246978759766,40.71979522705078,-74.0049819946289,1
2016-01-19,19:32:19,40.81351089477539,-73.9561767578125,40.798248291015625,-73.96368408203125,2
2016-02-24,16:22:15,40.816104888916016,-73.93953704833984,40.804534912109375,-73.93785858154297,1
2016-03-08,12:11:42,40.802833557128906,-73.95651245117188,40.77710723876953,-73.97872924804688,1
2016-02-11,19:00:11,40.81293487548828,-73.95597076416016,40.7971076965332,-73.93807220458984,1
2016-04-29,22:20:31,40.76307678222656,-73.91563415527344,40.75727462768555,-73.8902816772461,1
2016-06-07,23:14:51,40.67731857299805,-73.95800018310547,40.7015380859375,-73.9896469116211,1
2016-04-25,11:37:55,40.766841888427734,-73.92173767089844,40.7294921875,-73.86284637451172,1
2016-06-04,14:11:24,40.803062438964844,-73.9488525390625,40.80229187011719,-73.94539642333984,1
2016-04-11,12:40:19,40.82069396972656,-73.93670654296875,40.7984733581543,-73.96099853515625,1
2016-04-02,16:56:51,40.675540924072266,-73.95626831054688,40.679298400878906,-73.9738998413086,1
2016-01-17,00:42:23,40.711429595947266,-73.96635437011719,40.708560943603516,-73.938720703125,2
2016-06-15,22:32:23,40.76180648803711,-73.92537689208984,40.74819564819336,-73.89676666259766,1
2016-01-05,14:48:14,40.80882263183594,-73.94791412353516,40.81643295288086,-73.93501281738281,6
2016-01-12,10:52:37,40.69697952270508,-73.95661926269531,40.709712982177734,-73.9656753540039,1
2016-04-15,13:35:04,40.82183837890625,-73.95397186279297,40.81096267700195,-73.95309448242188,1
2016-04-14,14:10:03,40.681636810302734,-73.99848175048828,40.69160842895508,-73.99368286132812,1
2016-06-29,19:08:41,40.67863082885742,-73.96389770507812,40.68661117553711,-73.96052551269531,1
2016-01-01,11:50:46,40.8791389465332,-73.904541015625,40.81572341918945,-73.89495849609375,1
2016-06-23,17:09:11,40.80531692504883,-73.9620361328125,40.77371597290039,-73.98819732666016,1
2016-06-17,17:16:22,40.80452346801758,-73.93757629394531,40.773826599121094,-73.87126922607422,1
2016-06-22,18:02:21,40.841102600097656,-73.94001007080078,40.81985092163086,-73.90935516357422,1
2016-03-11,11:43:46,40.7025032043457,-73.98950958251953,40.74109649658203,-73.9886245727539,1
2016-04-09,15:33:38,40.69328308105469,-73.97259521484375,40.693416595458984,-73.96637725830078,1
2016-05-04,05:45:25,40.679996490478516,-73.97099304199219,40.646934509277344,-73.78990173339844,1
2016-03-19,22:49:34,40.73714828491211,-73.86305236816406,40.71182632446289,-73.9986343383789,2
2016-01-05,17:27:21,40.74611282348633,-73.90319061279297,40.711936950683594,-73.86079406738281,1
2016-03-17,19:44:01,40.8054084777832,-73.9471664428711,40.88282775878906,-73.91584014892578,1
2016-06-07,10:00:47,40.82472610473633,-73.89219665527344,40.816558837890625,-73.9232177734375,1
2016-03-12,23:26:39,40.73590850830078,-73.87562561035156,40.75278854370117,-73.8980484008789,1
2016-06-11,11:41:09,40.79838943481445,-73.93303680419922,40.85453414916992,-73.86398315429688,1
2016-02-29,22:54:50,40.82923889160156,-73.9482650756836,40.8322868347168,-73.94268798828125,1
2016-06-07,18:32:43,40.668975830078125,-73.98011016845703,40.66752243041992,-73.89273071289062,5
2016-02-07,19:26:49,40.685970306396484,-73.9735336303711,40.71760940551758,-73.95233154296875,6
2016-06-11,23:28:01,40.6973762512207,-73.93148040771484,40.713836669921875,-73.94937133789062,6
2016-03-20,14:55:41,40.82890701293945,-73.94873046875,40.80684280395508,-73.9649658203125,2
2016-05-29,21:01:04,40.700294494628906,-73.80744934082031,40.75400161743164,-73.8570785522461,1
2016-02-20,00:30:05,40.747154235839844,-73.88802337646484,40.75703811645508,-73.87110900878906,1
2016-04-02,00:06:01,40.71734619140625,-73.95828247070312,40.743316650390625,-73.89080047607422,1
2016-01-19,20:23:13,40.721458435058594,-73.8445816040039,40.72084426879883,-73.8553237915039,2
2016-05-06,10:11:22,40.7023811340332,-73.98489379882812,40.702842712402344,-74.01319122314453,1
2016-05-13,15:32:04,40.58530807495117,-73.96617889404297,40.603660583496094,-73.97225189208984,1
2016-03-17,00:48:12,40.84916687011719,-73.93317413330078,40.846412658691406,-73.91719055175781,1
2016-05-29,21:53:17,40.80512237548828,-73.94734191894531,40.781585693359375,-73.95443725585938,2
2016-05-07,13:34:26,40.8033447265625,-73.96355438232422,40.83477783203125,-73.94056701660156,1
2016-03-21,13:29:28,40.79560089111328,-73.94178009033203,40.7961540222168,-73.93529510498047,1
2016-01-31,19:03:02,40.776363372802734,-73.91096496582031,40.76835250854492,-73.90804290771484,1
2016-03-28,08:31:01,40.74558639526367,-73.90511322021484,40.75556564331055,-73.9056625366211,1
2016-05-28,23:32:29,40.7001838684082,-73.8075942993164,40.65990447998047,-73.80860137939453,1
2016-03-01,19:34:56,40.83561325073242,-73.92333221435547,40.83759689331055,-73.92414855957031,2
2016-01-26,01:03:56,40.72233200073242,-73.9499282836914,40.730445861816406,-73.98649597167969,1
2016-03-18,10:02:06,40.71367645263672,-73.83020782470703,40.756038665771484,-73.7065200805664,1
2016-01-01,01:11:50,40.8154411315918,-73.95814514160156,40.810726165771484,-73.95250701904297,1
2016-03-18,10:08:49,40.69247055053711,-73.99097442626953,40.6883659362793,-73.9974136352539,1
2016-04-07,00:13:03,40.71403884887695,-73.95155334472656,40.700660705566406,-73.91934967041016,1
2016-03-22,08:10:49,40.71061325073242,-73.96638488769531,40.754703521728516,-73.97555541992188,1
2016-06-08,21:09:58,40.747013092041016,-73.88919830322266,40.76744842529297,-73.8814697265625,1
2016-01-07,10:29:39,40.81355667114258,-73.91022491455078,40.818580627441406,-73.927001953125,1
2016-06-17,10:13:06,40.63877868652344,-73.95384979248047,40.649139404296875,-73.94625854492188,1
2016-04-13,16:30:29,40.66864776611328,-73.9801254272461,40.67806625366211,-73.97599792480469,6
2016-01-16,21:53:16,40.80789566040039,-73.94541931152344,40.71653366088867,-74.00985717773438,2
2016-01-17,01:16:46,40.6905403137207,-73.99565887451172,40.67240524291992,-73.97695922851562,1
2016-06-09,00:09:53,40.81147384643555,-73.9543685913086,40.810874938964844,-73.93904113769531,1
2016-05-16,21:30:47,40.74557876586914,-73.903564453125,40.75543975830078,-73.92713165283203,1
2016-04-14,11:52:04,40.79153823852539,-73.95308685302734,40.771602630615234,-73.96569061279297,1
2016-02-15,22:28:38,40.80537414550781,-73.93910217285156,40.78728485107422,-73.94486236572266,6
2016-02-11,13:13:25,40.75405502319336,-73.92941284179688,40.75352478027344,-73.90406036376953,1
2016-04-06,23:08:54,40.84823989868164,-73.93928527832031,40.8675537109375,-73.92618560791016,1
2016-01-04,05:29:00,40.71405029296875,-73.95146942138672,40.741180419921875,-73.85548400878906,1
2016-03-06,10:53:44,40.81609344482422,-73.96125793457031,40.86730194091797,-73.9219970703125,1
2016-01-10,03:45:07,40.74560546875,-73.90452575683594,40.745643615722656,-73.9134292602539,1
2016-03-12,22:58:40,40.673492431640625,-73.9659652709961,40.706138610839844,-74.0161361694336,1
2016-03-05,20:35:10,40.790611267089844,-73.95386505126953,40.76163864135742,-73.95891571044922,1
2016-04-28,22:28:24,40.67969512939453,-73.93711853027344,40.67213821411133,-73.91968536376953,3
2016-03-14,15:34:13,40.73504638671875,-73.8649673461914,40.76287078857422,-73.87510681152344,1
2016-05-05,16:02:15,40.691932678222656,-73.98728942871094,40.70130920410156,-73.98246002197266,2
2016-05-18,17:44:56,40.71771240234375,-73.95787048339844,40.71060562133789,-73.954345703125,1
2016-06-24,04:58:05,40.74695587158203,-73.89104461669922,40.7672233581543,-73.90898132324219,1
2016-05-20,03:34:28,40.72954559326172,-73.95403289794922,40.671844482421875,-73.98651885986328,1
2016-01-02,19:25:17,40.73281478881836,-73.8637924194336,40.745758056640625,-73.89212799072266,1
2016-01-21,15:26:42,40.69244384765625,-73.99115753173828,40.68185043334961,-73.98426055908203,4
2016-02-29,08:35:57,40.685508728027344,-73.96524810791016,40.69845962524414,-73.96758270263672,1
2016-06-30,23:36:41,40.72135925292969,-73.84431457519531,40.7315559387207,-73.80236053466797,1
2016-01-16,14:05:10,40.8150520324707,-73.94408416748047,40.80465316772461,-73.95156860351562,1
2016-04-17,14:42:58,40.85209274291992,-73.88595581054688,40.83280563354492,-73.91651153564453,1
2016-02-07,09:27:37,40.74386978149414,-73.95911407470703,40.75941848754883,-73.91997528076172,1
2016-04-25,16:49:13,40.745086669921875,-73.90848541259766,40.743614196777344,-73.88760375976562,2
2016-04-10,23:19:23,40.77446365356445,-73.91278076171875,40.738182067871094,-73.92642974853516,1
2016-01-21,11:41:00,40.78977584838867,-73.95230865478516,40.799049377441406,-73.96637725830078,1
2016-04-13,16:51:12,40.826271057128906,-73.92113494873047,40.80927658081055,-73.92317199707031,5
2016-05-12,10:53:13,40.81829833984375,-73.9561996459961,40.84113693237305,-73.93978881835938,1
2016-05-10,07:54:58,40.803382873535156,-73.95231628417969,40.8259162902832,-73.93736267089844,1
2016-01-14,09:37:45,40.80522155761719,-73.93922424316406,40.789710998535156,-73.96622467041016,1
2016-04-06,14:48:12,40.840667724609375,-73.94026947021484,40.768375396728516,-73.86164093017578,1
2016-03-15,23:33:29,40.81380844116211,-73.94497680664062,40.8036003112793,-73.95604705810547,1
2016-05-24,13:26:00,40.686222076416016,-73.98712921142578,40.691856384277344,-73.97806549072266,1
2016-06-06,10:49:31,40.70297622680664,-73.99466705322266,40.70380783081055,-73.9904556274414,1
2016-01-01,14:28:03,40.80528259277344,-73.93910217285156,40.79973602294922,-73.96833038330078,1
2016-03-24,13:04:33,40.70375061035156,-73.98661041259766,40.685638427734375,-73.99432373046875,2
2016-01-20,06:41:07,40.83414840698242,-73.94496154785156,40.770042419433594,-73.98789978027344,1
2016-03-01,08:52:53,40.796443939208984,-73.94955444335938,40.7650146484375,-73.97457122802734,1
2016-06-30,12:16:06,40.685997009277344,-73.99642944335938,40.69354248046875,-73.99284362792969,1
2016-01-12,09:22:55,40.81536865234375,-73.94010162353516,40.80193328857422,-73.9499282836914,1
2016-01-17,01:06:54,40.68482208251953,-73.97785186767578,40.671993255615234,-73.93365478515625,1
2016-03-14,16:07:42,40.723663330078125,-73.9509506225586,40.72169494628906,-73.95816802978516,1
2016-06-06,08:15:11,40.69459533691406,-73.92063903808594,40.69996643066406,-73.9244613647461,1
2016-02-23,18:23:53,40.734371185302734,-73.86920928955078,40.74345016479492,-73.87464141845703,1
2016-01-11,17:07:22,40.79752731323242,-73.94020080566406,40.79508972167969,-73.94602966308594,1
2016-04-27,12:54:56,40.748046875,-73.88196563720703,40.74449920654297,-73.89190673828125,3
2016-04-27,16:35:48,40.67607116699219,-73.91091918945312,40.64593505859375,-73.78336334228516,1
2016-04-05,19:10:18,40.73284149169922,-73.86380004882812,40.756202697753906,-73.86064910888672,1
2016-04-02,23:58:35,40.71417236328125,-73.96143341064453,40.67982864379883,-73.96246337890625,1
2016-03-17,08:22:10,40.7666015625,-73.92140197753906,40.7708740234375,-73.9136734008789,3
2016-06-23,18:56:10,40.857261657714844,-73.90029907226562,40.78776168823242,-73.93964385986328,1
2016-01-21,20:42:07,40.72988510131836,-73.8239517211914,40.722293853759766,-73.84539794921875,1
2016-01-12,11:46:52,40.80544662475586,-73.96200561523438,40.776241302490234,-73.98523712158203,1
2016-02-19,00:18:31,40.72163772583008,-73.84381866455078,40.73080825805664,-73.84842681884766,1
2016-03-05,12:36:54,40.7465705871582,-73.95623779296875,40.763038635253906,-73.96807861328125,1
2016-03-16,19:01:19,40.6894645690918,-73.92255401611328,40.69163513183594,-73.92998504638672,1
2016-04-23,18:28:53,40.73392105102539,-73.86912536621094,40.75444030761719,-73.87469482421875,2
2016-01-05,14:15:12,40.693912506103516,-73.99049377441406,40.693973541259766,-73.99131774902344,1
2016-03-19,03:16:31,40.69910430908203,-73.80683135986328,40.679447174072266,-73.57222747802734,1
2016-05-28,14:22:51,40.749549865722656,-73.88426208496094,40.79487228393555,-73.94237518310547,1
2016-06-27,07:43:01,40.81414794921875,-73.94451904296875,40.80988311767578,-73.9605484008789,1
2016-05-20,15:49:15,40.80129623413086,-73.959716796875,40.79344177246094,-73.97211456298828,1
2016-01-20,06:52:34,40.69074249267578,-73.95946502685547,40.753875732421875,-73.98851776123047,1
2016-02-02,14:27:52,40.79850769042969,-73.94114685058594,40.81105041503906,-73.93700408935547,1
2016-01-15,23:10:38,40.68366241455078,-73.97592163085938,40.65159606933594,-73.94578552246094,2
2016-02-01,23:17:56,40.80809783935547,-73.96366882324219,40.81484603881836,-73.96131896972656,1
2016-06-13,12:33:16,40.74799346923828,-73.9571304321289,40.77884292602539,-73.95819091796875,1
2016-05-06,11:46:17,40.67414093017578,-73.98612213134766,40.69205856323242,-73.98230743408203,1
2016-04-10,21:30:31,40.68254852294922,-73.9765396118164,40.71401596069336,-73.95182037353516,1
2016-05-04,20:51:09,40.69942855834961,-73.80728912353516,40.70094299316406,-73.78607177734375,1
2016-03-06,15:29:19,40.71765899658203,-73.95804595947266,40.76825714111328,-73.8616943359375,2
2016-01-11,19:37:37,40.683990478515625,-73.97599029541016,40.68247985839844,-73.9815444946289,1
2016-03-26,00:48:10,40.74774932861328,-73.88433074951172,40.74476623535156,-73.91230010986328,1
2016-01-31,20:43:15,40.68443298339844,-73.977783203125,40.62995910644531,-73.92512512207031,1
2016-03-15,10:00:15,40.69998550415039,-73.80686950683594,40.6588020324707,-73.77202606201172,1
2016-06-23,16:36:13,40.77005386352539,-73.91765594482422,40.77429962158203,-73.87137603759766,1
2016-06-16,08:31:14,40.65222930908203,-73.97602081298828,40.6800537109375,-73.95429992675781,1
2016-06-19,19:06:45,40.8176155090332,-73.9532241821289,40.80441665649414,-73.95563507080078,1
2016-06-02,07:52:09,40.747291564941406,-73.95639038085938,40.75492858886719,-73.98036193847656,1
2016-02-14,15:41:36,40.82271957397461,-73.94213104248047,40.826961517333984,-73.93851470947266,1
2016-05-21,22:11:34,40.790714263916016,-73.95359802246094,40.787967681884766,-73.97360229492188,1
2016-03-27,11:04:20,40.80088806152344,-73.95411682128906,40.809444427490234,-73.9493408203125,1
2016-04-26,19:10:17,40.810951232910156,-73.95293426513672,40.81015396118164,-73.96099853515625,1
2016-03-12,23:56:22,40.69872283935547,-73.9923324584961,40.620079040527344,-74.02366638183594,1
2016-02-02,22:57:31,40.73457717895508,-73.95502471923828,40.76475524902344,-73.98155975341797,1
2016-03-24,01:19:33,40.726261138916016,-73.95198059082031,40.71854782104492,-73.95267486572266,2
2016-06-02,10:47:36,40.68720626831055,-73.9697265625,40.69106674194336,-73.94761657714844,1
2016-02-20,15:21:31,40.82218933105469,-73.9537582397461,40.801841735839844,-73.9649429321289,2
2016-06-22,20:14:44,40.68941116333008,-73.9924545288086,40.68984603881836,-73.9786376953125,1
2016-06-01,11:44:20,40.702449798583984,-73.98690795898438,40.723628997802734,-74.00048065185547,1
2016-02-16,01:31:52,40.703853607177734,-73.92720794677734,40.72458267211914,-73.8694076538086,2
2016-04-30,10:34:50,40.747764587402344,-73.8824462890625,40.75386428833008,-73.88272094726562,1
2016-01-08,23:56:11,40.72120666503906,-73.84403228759766,40.73527908325195,-73.85078430175781,1
2016-02-09,08:28:29,40.81916046142578,-73.9373779296875,40.815364837646484,-73.94390106201172,1
2016-01-21,17:38:25,40.80790710449219,-73.9455337524414,40.820194244384766,-73.95867156982422,1
2016-04-29,14:47:07,40.775211334228516,-73.90943145751953,40.74357604980469,-73.9731216430664,5
2016-04-15,19:45:51,40.68954849243164,-73.92207336425781,40.69773483276367,-73.90069580078125,1
2016-04-02,23:33:25,40.85087203979492,-73.9381103515625,40.858341217041016,-73.92906951904297,1
2016-01-25,08:17:46,40.78578186035156,-73.95079040527344,40.756202697753906,-74.00308227539062,1
2016-04-28,19:10:04,40.681217193603516,-73.95576477050781,40.64518737792969,-73.94310760498047,1
2016-03-03,08:46:53,40.693206787109375,-73.96883392333984,40.680423736572266,-73.98054504394531,1
2016-03-13,17:55:19,40.756431579589844,-73.9298095703125,40.75581741333008,-73.94302368164062,1
2016-06-19,16:23:41,40.765384674072266,-73.91389465332031,40.75253677368164,-73.91704559326172,1
2016-03-29,20:42:42,40.807701110839844,-73.94525146484375,40.80293273925781,-73.93608856201172,1
2016-03-28,22:06:34,40.80307388305664,-73.94585418701172,40.83232498168945,-73.93553924560547,1
2016-06-05,19:40:25,40.714210510253906,-73.94731903076172,40.69704818725586,-73.97573852539062,1
2016-05-20,18:41:53,40.69097900390625,-73.97344970703125,40.72502517700195,-73.97933959960938,1
2016-02-24,09:38:33,40.861061096191406,-73.91413116455078,40.78889846801758,-73.95238494873047,1
2016-04-23,23:50:16,40.746917724609375,-73.89071655273438,40.737060546875,-73.86302947998047,1
2016-05-20,08:07:12,40.664974212646484,-73.98316955566406,40.677825927734375,-73.98397827148438,5
2016-06-15,17:37:15,40.789791107177734,-73.93988037109375,40.82699966430664,-73.89645385742188,1
2016-03-13,19:42:24,40.76149368286133,-73.91686248779297,40.77513885498047,-73.90436553955078,1
2016-03-31,23:46:43,40.718902587890625,-73.96096801757812,40.689735412597656,-73.97944641113281,1
2016-06-13,23:19:31,40.810752868652344,-73.95279693603516,40.78619384765625,-73.97607421875,1
2016-04-10,16:23:20,40.74473190307617,-73.91080474853516,40.7562255859375,-73.91349792480469,5
2016-04-15,14:00:10,40.85706329345703,-73.88133239746094,40.84663391113281,-73.84991455078125,5
2016-03-17,23:40:48,40.721824645996094,-73.95813751220703,40.726043701171875,-73.9833984375,1
2016-05-13,21:20:16,40.711395263671875,-73.94647979736328,40.71146011352539,-73.90715026855469,5
2016-02-11,12:53:11,40.7493782043457,-73.86952209472656,40.75580978393555,-73.8648452758789,1
2016-04-15,22:30:54,40.82721710205078,-73.92494201660156,40.754173278808594,-73.96592712402344,4
2016-06-18,18:55:14,40.69209671020508,-73.99559020996094,40.677425384521484,-73.98609924316406,1
2016-06-24,01:08:22,40.77608108520508,-73.91063690185547,40.78273010253906,-73.91522216796875,1
2016-04-30,12:05:17,40.68710708618164,-73.98540496826172,40.685726165771484,-73.94174194335938,1
2016-01-15,00:01:57,40.71907424926758,-73.96100616455078,40.70329666137695,-73.99253845214844,2
2016-05-22,00:11:32,40.71184539794922,-73.96295166015625,40.78965759277344,-73.94036865234375,1
2016-04-23,13:18:31,40.828338623046875,-73.94923400878906,40.774295806884766,-73.87297821044922,1
2016-02-28,03:40:34,40.72873306274414,-73.95364379882812,40.705116271972656,-73.92076873779297,5
2016-03-15,16:23:17,40.7073860168457,-73.92424774169922,40.70369338989258,-73.94324493408203,1
2016-06-17,15:51:00,40.802547454833984,-73.95664978027344,40.80089569091797,-73.96092224121094,1
2016-06-28,17:06:36,40.66325759887695,-73.99502563476562,40.689884185791016,-73.98631286621094,4
2016-03-27,15:20:08,40.759498596191406,-73.83057403564453,40.6436882019043,-73.78365325927734,1
2016-05-07,19:48:45,40.71588897705078,-73.96443176269531,40.70447540283203,-73.98638916015625,1
2016-06-18,14:12:17,40.68048095703125,-73.95020294189453,40.68594741821289,-73.9295883178711,2
2016-01-28,19:46:25,40.74403762817383,-73.92407989501953,40.75150680541992,-73.98565673828125,1
2016-06-04,03:23:55,40.747318267822266,-73.88704681396484,40.66176986694336,-73.83390808105469,1
2016-06-07,14:11:26,40.71333312988281,-73.76453399658203,40.703392028808594,-73.7999038696289,1
2016-02-12,16:48:38,40.76463317871094,-73.93052673339844,40.746280670166016,-73.9495849609375,2
2016-03-14,12:55:49,40.78414535522461,-73.9439926147461,40.78300857543945,-73.94486999511719,1
2016-03-09,08:39:45,40.66559982299805,-73.95684051513672,40.65556716918945,-73.94686889648438,1
2016-03-28,11:28:23,40.803043365478516,-73.95645904541016,40.78938293457031,-73.97652435302734,2
2016-02-17,21:39:05,40.70750427246094,-73.95516204833984,40.71889114379883,-73.9609146118164,1
2016-06-28,15:12:26,40.811500549316406,-73.95379638671875,40.750030517578125,-73.98859405517578,1
2016-02-27,01:17:11,40.7430534362793,-73.88880920410156,40.743045806884766,-73.88878631591797,6
2016-03-12,00:12:25,40.75939178466797,-73.8299331665039,40.78795623779297,-73.8447036743164,5
2016-03-05,20:28:41,40.68450927734375,-73.97870635986328,40.68072509765625,-73.98082733154297,3
2016-04-04,16:54:35,40.668663024902344,-73.9863052368164,40.66313552856445,-73.99810791015625,1
2016-04-27,19:18:44,40.61754608154297,-73.94349670410156,40.59917449951172,-73.99690246582031,1
2016-06-04,20:54:43,40.74673080444336,-73.89239501953125,40.77449417114258,-73.87242126464844,1
2016-02-16,17:34:48,40.75648880004883,-73.93008422851562,40.7467041015625,-73.9151840209961,1
2016-03-22,01:05:06,40.73362350463867,-73.86990356445312,40.72577667236328,-73.8809814453125,1
2016-03-23,08:59:05,40.79130554199219,-73.95320129394531,40.757110595703125,-73.97824096679688,1
2016-01-22,14:13:46,40.823978424072266,-73.9484634399414,40.78374099731445,-73.97789001464844,1
2016-06-14,22:03:56,40.699256896972656,-73.80699920654297,40.6116943359375,-73.74468231201172,1
2016-06-30,20:46:36,40.812522888183594,-73.9052734375,40.816646575927734,-73.90397644042969,1
2016-04-16,02:20:23,40.66839599609375,-73.8682861328125,40.82335662841797,-73.91244506835938,1
2016-03-26,12:01:43,40.84888458251953,-73.93252563476562,40.85909652709961,-73.90141296386719,1
2016-06-11,17:13:15,40.79966354370117,-73.9450912475586,40.76165008544922,-73.97518920898438,1
2016-02-14,21:01:21,40.7498779296875,-73.8628921508789,40.74202346801758,-73.88081359863281,1
2016-04-05,23:08:07,40.764976501464844,-73.9172592163086,40.766178131103516,-73.93083953857422,1
2016-06-08,18:07:41,40.7349967956543,-73.87454223632812,40.746341705322266,-73.92180633544922,1
2016-02-14,21:28:14,40.77625274658203,-73.91065979003906,40.763946533203125,-73.91034698486328,1
2016-03-01,01:22:27,40.75925827026367,-73.8299331665039,40.752777099609375,-73.7551498413086,1
2016-06-25,19:03:14,40.6934814453125,-73.99223327636719,40.66843795776367,-73.99146270751953,1
2016-02-26,21:01:33,40.76544952392578,-73.91381072998047,40.743228912353516,-73.91736602783203,1
2016-02-06,14:29:42,40.68693923950195,-73.99026489257812,40.71409225463867,-73.99019622802734,1
2016-06-11,14:50:17,40.74633026123047,-73.89634704589844,40.746070861816406,-73.87904357910156,1
2016-05-16,16:39:59,40.757568359375,-73.93153381347656,40.76707077026367,-73.92999267578125,1
2016-02-10,19:44:41,40.80946350097656,-73.9478530883789,40.82143020629883,-73.9173355102539,2
2016-04-29,14:20:29,40.703956604003906,-73.98678588867188,40.72711181640625,-73.99541473388672,1
2016-05-16,19:08:03,40.8052978515625,-73.9391098022461,40.7702751159668,-73.95808410644531,1
2016-06-13,13:39:00,40.69471740722656,-73.98741149902344,40.7021598815918,-73.9887466430664,1
2016-05-02,22:24:26,40.8297119140625,-73.94792938232422,40.80815887451172,-73.9423599243164,5
2016-01-10,22:56:08,40.68367385864258,-73.99295043945312,40.707130432128906,-74.0173568725586,1
2016-06-09,12:13:13,40.82661056518555,-73.95039367675781,40.811614990234375,-73.96267700195312,1
2016-04-07,19:27:15,40.759117126464844,-73.9534683227539,40.77519607543945,-73.9094467163086,2
2016-01-15,20:12:12,40.807376861572266,-73.95319366455078,40.80738830566406,-73.94572448730469,1
2016-01-21,21:00:45,40.67680740356445,-73.97391510009766,40.670616149902344,-73.98188781738281,1
2016-01-15,21:46:32,40.79664611816406,-73.93814849853516,40.790733337402344,-73.94274139404297,1
2016-06-01,09:28:12,40.81467819213867,-73.93639373779297,40.7994384765625,-73.95171356201172,1
2016-01-29,10:40:34,40.83906555175781,-73.91499328613281,40.80796813964844,-73.9203109741211,1
2016-02-22,06:58:08,40.765567779541016,-73.9184799194336,40.772239685058594,-73.92739868164062,1
2016-06-26,19:34:39,40.6894645690918,-73.99250030517578,40.685420989990234,-73.99446868896484,1
2016-02-19,22:56:17,40.78981399536133,-73.95236206054688,40.799015045166016,-73.95178985595703,1
2016-01-26,17:47:28,40.80715560913086,-73.94979095458984,40.79587173461914,-73.93264770507812,1
2016-06-04,14:39:22,40.80548095703125,-73.93919372558594,40.76793670654297,-73.953125,4
2016-06-25,19:57:49,40.69332504272461,-73.97557830810547,40.75362014770508,-74.00704956054688,1
2016-04-03,16:12:00,40.74369812011719,-73.88459777832031,40.702571868896484,-73.79396057128906,1
2016-02-05,07:35:20,40.70208740234375,-73.98967742919922,40.71124267578125,-74.01496887207031,1
2016-04-07,13:31:41,40.69391632080078,-73.98287200927734,40.67487716674805,-73.94445037841797,1
2016-03-28,16:10:23,40.81930160522461,-73.95552062988281,40.81861114501953,-73.95551300048828,1
2016-03-13,21:09:40,40.698001861572266,-73.99456787109375,40.71828079223633,-74.00019073486328,1
2016-03-21,08:17:59,40.67892074584961,-73.97552490234375,40.75139617919922,-73.99349212646484,1
2016-04-17,23:32:07,40.78994369506836,-73.95227813720703,40.798683166503906,-73.94790649414062,2
2016-05-14,07:44:03,40.73347091674805,-73.86956024169922,40.7408447265625,-74.00515747070312,5
2016-04-27,20:50:30,40.84971618652344,-73.9361343383789,40.85618591308594,-73.93518829345703,1
2016-03-15,19:29:48,40.80732727050781,-73.94417572021484,40.871971130371094,-73.82449340820312,1
2016-05-15,00:30:40,40.71415710449219,-73.95565032958984,40.6719970703125,-73.98162841796875,1
2016-01-09,22:03:17,40.7891731262207,-73.94359588623047,40.77860641479492,-73.953125,1
2016-03-28,16:48:54,40.83241271972656,-73.94618225097656,40.80074691772461,-73.96800231933594,1
2016-01-26,14:53:58,40.797943115234375,-73.93409729003906,40.75136947631836,-74.00633239746094,1
2016-01-29,21:14:28,40.74808120727539,-73.8788833618164,40.75358581542969,-73.85542297363281,1
2016-04-22,14:45:53,40.827842712402344,-73.92375183105469,40.82230758666992,-73.92799377441406,1
2016-06-09,17:56:25,40.804847717285156,-73.96260833740234,40.783958435058594,-73.97782135009766,6
2016-02-12,18:56:30,40.67037582397461,-73.97865295410156,40.68955612182617,-73.9709701538086,1
2016-02-23,21:44:22,40.75686264038086,-73.91436004638672,40.76191711425781,-73.91107177734375,2
2016-03-16,14:05:28,40.80531692504883,-73.93923950195312,40.82094955444336,-73.9310302734375,1
2016-02-03,15:23:08,40.67345428466797,-73.93363952636719,40.68215560913086,-73.90919494628906,1
2016-04-22,14:12:01,40.76593017578125,-73.91924285888672,40.765567779541016,-73.83106994628906,1
2016-04-07,21:11:08,40.80704116821289,-73.96475219726562,40.74614715576172,-73.97238159179688,1
2016-06-03,22:54:59,40.70302963256836,-73.99459075927734,40.755096435546875,-73.99136352539062,1
2016-02-23,15:08:44,40.816490173339844,-73.93919372558594,40.80125045776367,-73.95374298095703,1
2016-01-12,06:04:22,40.65591812133789,-73.94725036621094,40.66802978515625,-73.95262908935547,1
2016-02-05,21:39:40,40.72246170043945,-73.94906616210938,40.69309616088867,-73.96952819824219,6
2016-04-09,22:36:40,40.70752716064453,-73.95059204101562,40.722015380859375,-73.8425064086914,1
2016-01-19,08:26:06,40.775604248046875,-73.91181945800781,40.76115036010742,-73.901611328125,1
2016-02-01,19:42:53,40.80537414550781,-73.96163940429688,40.77083206176758,-73.98812103271484,2
2016-05-28,03:58:10,40.722251892089844,-73.9574203491211,40.751277923583984,-73.97142791748047,1
2016-01-07,13:02:50,40.68540573120117,-73.9913558959961,40.70496368408203,-74.01544189453125,1
2016-04-05,13:27:08,40.702030181884766,-73.989013671875,40.77457046508789,-73.87210845947266,1
2016-06-20,04:12:00,40.74810791015625,-73.87922668457031,40.651405334472656,-74.00408935546875,1
2016-03-16,18:36:34,40.65439224243164,-74.00733184814453,40.67778015136719,-73.98399353027344,1
2016-01-24,13:04:26,40.82714080810547,-73.9388427734375,40.80989074707031,-73.95146179199219,1
2016-06-27,04:39:12,40.684165954589844,-73.95545959472656,40.67675018310547,-73.98365020751953,1
2016-06-20,00:14:59,40.75648880004883,-73.92992401123047,40.76168441772461,-73.94142150878906,1
2016-02-15,21:21:50,40.71602249145508,-73.96214294433594,40.708858489990234,-73.95049285888672,1
2016-05-25,19:10:10,40.72073745727539,-73.9546127319336,40.72102355957031,-73.98792266845703,1
2016-06-09,07:36:14,40.73198699951172,-73.95465087890625,40.78559112548828,-73.94297790527344,5
2016-03-09,20:50:08,40.63720703125,-73.91986083984375,40.66779327392578,-73.93109893798828,1
2016-06-22,14:20:58,40.8070182800293,-73.9418716430664,40.80387878417969,-73.93827056884766,1
2016-02-26,14:47:49,40.76786804199219,-73.92366027832031,40.74591827392578,-73.91340637207031,3
2016-06-01,10:56:36,40.74722671508789,-73.95647430419922,40.748146057128906,-73.97745513916016,1
2016-03-21,08:31:37,40.7540283203125,-73.94252014160156,40.726776123046875,-73.9866943359375,4
2016-02-19,17:21:02,40.80819320678711,-73.96388244628906,40.802093505859375,-73.96795654296875,1
2016-05-29,16:01:49,40.745845794677734,-73.90331268310547,40.731529235839844,-73.90135955810547,1
2016-02-06,06:56:49,40.67108154296875,-73.98466491699219,40.65575408935547,-73.94400024414062,1
2016-03-16,07:42:00,40.79471206665039,-73.94468688964844,40.762882232666016,-73.96784973144531,1
2016-01-09,22:07:39,40.711795806884766,-73.95133209228516,40.748233795166016,-73.97808837890625,1
2016-06-17,22:31:53,40.67023849487305,-73.98843383789062,40.66853713989258,-73.98016357421875,1
2016-03-24,10:09:07,40.69415283203125,-73.99254608154297,40.74367904663086,-73.98392486572266,1
2016-02-23,09:52:22,40.651824951171875,-73.98106384277344,40.6751708984375,-73.97496032714844,1
2016-02-26,14:20:56,40.71455764770508,-73.96121978759766,40.779388427734375,-73.95051574707031,1
2016-01-04,20:38:32,40.689884185791016,-73.99281311035156,40.6842155456543,-74.0024642944336,1
2016-05-03,23:47:16,40.71403121948242,-73.95591735839844,40.671531677246094,-73.96100616455078,1
2016-01-19,23:07:39,40.69404602050781,-73.96128845214844,40.687583923339844,-73.94514465332031,1
2016-06-02,20:25:34,40.693458557128906,-73.97942352294922,40.68967056274414,-73.97418212890625,1
2016-04-18,01:58:37,40.74681854248047,-73.89163970947266,40.7485237121582,-73.87007141113281,1
2016-01-22,09:52:37,40.68809127807617,-73.999267578125,40.716773986816406,-74.00755310058594,1
2016-04-16,12:59:23,40.771202087402344,-73.9037094116211,40.77572250366211,-73.91015625,1
2016-06-15,17:09:55,40.78538131713867,-73.94920349121094,40.819034576416016,-73.90245819091797,5
2016-03-14,07:29:42,40.83088302612305,-73.94705963134766,40.793312072753906,-73.94888305664062,1
2016-01-23,01:00:52,40.75495147705078,-73.92221069335938,40.75941467285156,-73.8946304321289,1
2016-02-25,14:03:56,40.81195068359375,-73.96087646484375,40.81434631347656,-73.94055938720703,1
2016-01-22,18:55:49,40.69163513183594,-73.98722076416016,40.67906188964844,-73.98724365234375,1
2016-04-03,18:49:59,40.68191146850586,-73.98007202148438,40.65678024291992,-73.97457122802734,1
2016-06-02,11:41:12,40.7213134765625,-73.84425354003906,40.70536422729492,-73.79513549804688,1
2016-06-28,20:07:59,40.690738677978516,-73.99639892578125,40.69257354736328,-73.98724365234375,1
2016-05-08,22:30:10,40.802005767822266,-73.96123504638672,40.83747863769531,-73.94361877441406,1
2016-04-23,07:08:05,40.6717529296875,-73.98411560058594,40.68369674682617,-73.97856140136719,1
2016-03-05,23:11:01,40.81005859375,-73.95843505859375,40.804046630859375,-73.963134765625,1
2016-04-11,14:28:17,40.790008544921875,-73.94790649414062,40.74951171875,-73.99242401123047,1
2016-03-06,08:47:30,40.854488372802734,-73.86795043945312,40.779415130615234,-73.95543670654297,1
2016-01-20,16:48:04,40.81911849975586,-73.95661163330078,40.813270568847656,-73.94493103027344,6
2016-01-27,14:13:21,40.759098052978516,-73.91912841796875,40.73704528808594,-73.88629913330078,6
2016-03-27,13:21:16,40.74919128417969,-73.86980438232422,40.76201629638672,-73.82036590576172,1
2016-03-12,10:14:19,40.826393127441406,-73.95064544677734,40.816505432128906,-73.95780181884766,1
2016-05-08,09:19:46,40.789398193359375,-73.95262908935547,40.75054931640625,-73.99463653564453,1
2016-01-29,13:39:06,40.805015563964844,-73.93937683105469,40.80112838745117,-73.9495849609375,1
2016-04-21,23:26:16,40.8283576965332,-73.92557525634766,40.828426361083984,-73.93765258789062,1
2016-03-19,04:12:44,40.71415328979492,-73.95486450195312,40.712608337402344,-73.96260833740234,1
2016-06-11,04:44:40,40.684715270996094,-73.9919662475586,40.680763244628906,-73.98294067382812,2
2016-06-28,19:15:40,40.68757629394531,-73.97669982910156,40.67266082763672,-73.96592712402344,1
2016-01-30,19:34:20,40.68961715698242,-73.9727554321289,40.71354675292969,-73.95671844482422,2
2016-03-18,07:18:06,40.86741638183594,-73.92211151123047,40.79408645629883,-73.9723129272461,1
2016-03-26,01:03:12,40.71820068359375,-73.94835662841797,40.71448516845703,-73.99085998535156,1
2016-02-21,01:01:52,40.69180679321289,-73.98970794677734,40.682796478271484,-74.00299072265625,1
2016-04-13,10:08:47,40.78671646118164,-73.95272064208984,40.79264450073242,-73.96473693847656,1
2016-06-10,23:06:24,40.814361572265625,-73.94817352294922,40.80289077758789,-73.96353912353516,1
2016-06-03,21:21:51,40.84023666381836,-73.87973022460938,40.850791931152344,-73.88243103027344,1
2016-04-20,17:40:08,40.76114273071289,-73.91675567626953,40.75876235961914,-73.8954086303711,1
2016-03-20,19:11:46,40.747772216796875,-73.95659637451172,40.751060485839844,-73.98873138427734,1
2016-06-19,04:30:30,40.707218170166016,-73.93147277832031,40.70704650878906,-73.9236831665039,1
2016-05-05,20:00:20,40.721412658691406,-73.8443374633789,40.71975326538086,-73.85713958740234,1
2016-01-24,19:52:20,40.76573944091797,-73.91889190673828,40.76918029785156,-73.89730834960938,1
2016-02-26,20:31:15,40.834129333496094,-73.85197448730469,40.86101531982422,-73.88996124267578,1
2016-05-27,00:03:18,40.75025939941406,-73.9400405883789,40.75197982788086,-73.88333129882812,5
2016-02-23,17:00:44,40.785438537597656,-73.94994354248047,40.781097412109375,-73.9545669555664,1
2016-06-04,12:11:29,40.8360710144043,-73.94590759277344,40.78645324707031,-73.97174072265625,1
2016-05-14,13:27:25,40.81489944458008,-73.95903015136719,40.78805160522461,-73.95613861083984,1
2016-03-31,13:16:04,40.74323272705078,-73.91761016845703,40.76194381713867,-73.95736694335938,1
2016-06-22,22:50:01,40.720115661621094,-73.95529174804688,40.77878189086914,-73.97594451904297,1
2016-04-18,00:42:30,40.74653625488281,-73.89092254638672,40.750343322753906,-73.81880187988281,5
2016-04-04,20:53:47,40.80959701538086,-73.95142364501953,40.79860305786133,-73.93946075439453,1
2016-01-19,08:03:32,40.837181091308594,-73.94279479980469,40.77450180053711,-73.8725357055664,1
2016-04-02,23:09:39,40.65412902832031,-73.97460174560547,40.744964599609375,-73.94416809082031,2
2016-06-09,16:51:31,40.67681121826172,-73.94866943359375,40.662132263183594,-73.9891128540039,1
2016-06-27,12:58:05,40.69245147705078,-73.98722076416016,40.697994232177734,-73.97503662109375,1
2016-03-23,13:27:01,40.68233871459961,-73.99834442138672,40.73529052734375,-73.989990234375,1
2016-02-25,15:26:57,40.80549240112305,-73.93901824951172,40.80415344238281,-73.96646881103516,1
2016-06-08,19:57:40,40.75287628173828,-73.92741394042969,40.765602111816406,-73.9135513305664,1
2016-03-31,08:57:41,40.68336868286133,-73.96652221679688,40.6800422668457,-73.9542007446289,2
2016-05-22,11:16:41,40.767967224121094,-73.91914367675781,40.77385711669922,-73.87120056152344,1
2016-05-28,12:11:27,40.86942672729492,-73.90367889404297,40.8794059753418,-73.91670989990234,1
2016-01-04,23:56:00,40.691471099853516,-73.991455078125,40.69618225097656,-73.98312377929688,2
2016-03-09,21:18:55,40.73788833618164,-73.86625671386719,40.75788879394531,-73.88375854492188,1
2016-02-02,19:53:20,40.71794509887695,-73.9576187133789,40.72610092163086,-73.939697265625,1
2016-03-08,00:17:20,40.75912857055664,-73.91878509521484,40.77376174926758,-73.90093994140625,1
2016-05-24,14:05:54,40.800052642822266,-73.94493103027344,40.80814743041992,-73.94512176513672,1
2016-03-29,12:42:55,40.62997055053711,-73.93695068359375,40.63554763793945,-73.90882873535156,1
2016-01-20,04:20:46,40.747467041015625,-73.88731384277344,40.72792434692383,-73.86116027832031,1
2016-01-17,00:55:16,40.75094223022461,-73.94606018066406,40.743743896484375,-73.88279724121094,1
2016-06-22,11:18:15,40.85002136230469,-73.93596649169922,40.827266693115234,-73.95001983642578,5
2016-02-08,20:25:48,40.81658172607422,-73.94666290283203,40.8015022277832,-73.96483612060547,1
2016-05-22,16:01:32,40.80487823486328,-73.96002960205078,40.81593322753906,-73.88680267333984,1
2016-06-07,23:04:30,40.80653762817383,-73.95378112792969,40.83081817626953,-73.92008209228516,1
2016-03-10,12:17:55,40.734222412109375,-73.8690185546875,40.73712921142578,-73.85926055908203,3
2016-03-01,13:43:03,40.80453872680664,-73.9376220703125,40.811153411865234,-73.95333099365234,1
2016-04-07,15:43:01,40.68272399902344,-73.96299743652344,40.63319396972656,-73.9480972290039,1
2016-04-06,11:09:45,40.79180908203125,-73.95292663574219,40.762535095214844,-73.97440338134766,1
2016-06-05,17:57:55,40.66978454589844,-73.9887466430664,40.74565124511719,-73.9531021118164,1
2016-06-03,17:42:48,40.763736724853516,-73.91510009765625,40.70856475830078,-73.91010284423828,1
2016-02-13,17:26:08,40.721431732177734,-73.84336853027344,40.71415328979492,-73.83475494384766,1
2016-03-30,11:08:32,40.82737350463867,-73.94998931884766,40.7348747253418,-73.99093627929688,1
2016-01-21,15:06:14,40.71361541748047,-73.83026123046875,40.716217041015625,-73.88373565673828,1
2016-04-27,12:33:02,40.68833541870117,-73.95877075195312,40.768798828125,-73.9676742553711,2
2016-03-07,21:31:23,40.679962158203125,-73.968017578125,40.67401123046875,-73.96538543701172,1
2016-04-23,15:33:37,40.76173400878906,-73.9247817993164,40.67329025268555,-73.97447204589844,1
2016-06-22,21:37:22,40.795433044433594,-73.93292999267578,40.79043197631836,-73.95014190673828,1
2016-03-01,08:12:05,40.68817901611328,-73.97906494140625,40.7744026184082,-73.87287902832031,5
2016-03-13,15:15:56,40.8190803527832,-73.94119262695312,40.809383392333984,-73.95356750488281,1
2016-03-28,05:12:47,40.69118118286133,-73.95881652832031,40.773956298828125,-73.87097930908203,1
2016-01-31,14:26:07,40.6889762878418,-73.98387145996094,40.68263626098633,-73.98619842529297,1
2016-06-11,09:52:39,40.76484680175781,-73.91688537597656,40.760623931884766,-73.98497009277344,1
2016-02-14,21:39:39,40.74584197998047,-73.90336608886719,40.73509216308594,-73.89949035644531,2
2016-01-13,12:39:33,40.84157180786133,-73.94259643554688,40.78017044067383,-73.98541259765625,1
2016-02-01,00:18:01,40.68021011352539,-73.94953918457031,40.76422119140625,-73.9102783203125,1
2016-03-18,11:13:52,40.72138214111328,-73.84434509277344,40.734336853027344,-73.87205505371094,1
2016-06-11,15:38:36,40.69078826904297,-73.98765563964844,40.6861457824707,-73.9911117553711,1
2016-03-06,20:06:07,40.80966567993164,-73.94426727294922,40.81847381591797,-73.94503784179688,1
2016-01-29,21:29:45,40.678741455078125,-73.96855926513672,40.655433654785156,-73.95984649658203,2
2016-02-17,23:36:23,40.68392562866211,-73.9785385131836,40.67215347290039,-73.96273803710938,1
2016-04-24,15:13:02,40.691898345947266,-73.98737335205078,40.69593811035156,-73.97535705566406,1
2016-04-03,18:13:35,40.74747085571289,-73.88368225097656,40.73930358886719,-73.88941955566406,1
2016-02-20,20:38:26,40.72138214111328,-73.8444595336914,40.72960662841797,-73.81974792480469,1
2016-01-08,01:03:40,40.67490768432617,-73.92753601074219,40.67876434326172,-73.95304870605469,1
2016-04-09,23:53:03,40.68827819824219,-73.96524047851562,40.6888313293457,-73.9572525024414,1
2016-03-12,18:02:34,40.842376708984375,-73.93933868408203,40.819923400878906,-73.95243072509766,1
2016-05-31,12:32:01,40.789031982421875,-73.95420837402344,40.77967834472656,-73.9539794921875,1
2016-06-15,19:40:05,40.693241119384766,-73.98721313476562,40.67664337158203,-74.01923370361328,1
2016-02-05,20:25:46,40.717918395996094,-73.94808959960938,40.72559356689453,-73.95726013183594,1
2016-06-04,18:53:32,40.6785774230957,-73.94944763183594,40.6829948425293,-73.96435546875,1
2016-01-11,08:21:16,40.791988372802734,-73.94427490234375,40.789371490478516,-73.95258331298828,1
2016-03-07,07:22:04,40.87452697753906,-73.91026306152344,40.86827087402344,-73.91942596435547,1
2016-02-24,12:48:27,40.80930709838867,-73.95941925048828,40.79909896850586,-73.96878814697266,1
2016-06-15,19:01:27,40.7618408203125,-73.92533874511719,40.76746368408203,-73.93449401855469,1
2016-02-05,07:12:56,40.693153381347656,-73.97000122070312,40.67784118652344,-73.93995666503906,1
2016-03-23,00:29:38,40.85642623901367,-73.93280029296875,40.84554672241211,-73.93866729736328,1
2016-01-31,21:21:44,40.81034469604492,-73.9510726928711,40.82539749145508,-73.94780731201172,2
2016-04-22,20:05:17,40.736671447753906,-73.86564636230469,40.73494338989258,-73.86219024658203,5
2016-05-27,07:34:25,40.84919738769531,-73.93563842773438,40.84785842895508,-73.93038940429688,1
2016-06-25,21:56:37,40.753448486328125,-73.9146499633789,40.746578216552734,-73.8963851928711,1
2016-01-09,05:46:04,40.76657485961914,-73.92131805419922,40.75687026977539,-73.92289733886719,1
2016-03-02,22:22:45,40.80916213989258,-73.94435119628906,40.811885833740234,-73.93848419189453,1
2016-03-10,13:02:23,40.862972259521484,-73.89649200439453,40.876953125,-73.88568115234375,1
2016-02-23,16:19:27,40.679988861083984,-73.940185546875,40.7002067565918,-73.94580841064453,1
2016-05-19,09:07:21,40.721439361572266,-73.84432983398438,40.705528259277344,-73.89633178710938,1
2016-06-08,20:20:43,40.72138214111328,-73.84427642822266,40.735965728759766,-73.8086929321289,1
2016-05-15,21:11:01,40.708648681640625,-73.95845031738281,40.67156982421875,-73.9481430053711,1
2016-05-25,11:14:05,40.737709045410156,-73.88338470458984,40.728694915771484,-73.8653564453125,1
2016-06-21,16:11:48,40.68264389038086,-73.97655487060547,40.691593170166016,-73.98431396484375,3
2016-04-20,16:50:25,40.68732452392578,-73.99354553222656,40.67423629760742,-73.9887924194336,1
2016-05-28,08:14:06,40.68274688720703,-73.96318817138672,40.6826286315918,-73.94969940185547,1
2016-04-08,20:35:04,40.73278045654297,-73.86380004882812,40.73145294189453,-73.84879302978516,2
2016-06-04,22:01:27,40.69963073730469,-73.98074340820312,40.68972396850586,-73.9712142944336,1
2016-04-04,07:57:11,40.7569694519043,-73.9146499633789,40.767391204833984,-73.92318725585938,6
2016-03-13,14:30:30,40.821990966796875,-73.95355224609375,40.83012771606445,-73.9400634765625,1
2016-05-07,16:51:17,40.747005462646484,-73.89096069335938,40.73470687866211,-73.86955261230469,3
2016-06-10,02:38:32,40.75593185424805,-73.8826675415039,40.762996673583984,-73.87145233154297,1
2016-02-05,21:32:23,40.69646072387695,-73.93353271484375,40.7409782409668,-73.93367004394531,1
2016-03-28,17:24:31,40.682308197021484,-73.96112060546875,40.649513244628906,-74.00402069091797,1
2016-02-14,19:54:38,40.75537872314453,-73.88737487792969,40.7581901550293,-73.85692596435547,2
2016-06-05,09:32:06,40.70821762084961,-73.9501724243164,40.74965286254883,-73.99180603027344,5
2016-02-07,16:52:19,40.69599533081055,-73.9739990234375,40.68098831176758,-73.95948028564453,1
2016-05-06,19:51:21,40.688377380371094,-73.98931884765625,40.69753646850586,-73.93461608886719,2
2016-04-15,15:38:45,40.70248031616211,-73.98684692382812,40.71767044067383,-74.00016784667969,2
2016-03-26,16:57:10,40.69611358642578,-73.99085998535156,40.68381881713867,-73.97737884521484,1
2016-02-01,21:21:06,40.6897087097168,-73.98152160644531,40.6485710144043,-73.92446899414062,1
2016-01-14,23:37:56,40.75585174560547,-73.9284439086914,40.754085540771484,-73.9207992553711,1
2016-06-15,08:00:07,40.820430755615234,-73.95110321044922,40.81999588012695,-73.94025421142578,1
2016-06-08,11:07:05,40.68390655517578,-73.97603607177734,40.6827507019043,-73.99043273925781,1
2016-01-21,18:39:36,40.69112014770508,-73.98737335205078,40.679500579833984,-74.01034545898438,1
2016-01-30,21:01:38,40.71372604370117,-73.9515380859375,40.733421325683594,-73.95845794677734,1
2016-02-11,22:09:56,40.75626754760742,-73.91321563720703,40.767269134521484,-73.92213439941406,1
2016-03-27,20:35:38,40.84130096435547,-73.94252014160156,40.767215728759766,-73.95349884033203,1
2016-04-29,08:53:31,40.76028060913086,-73.9179916381836,40.76918029785156,-73.91307830810547,1
2016-05-30,02:43:10,40.68365478515625,-73.95421600341797,40.714073181152344,-73.9417724609375,1
2016-03-24,16:42:37,40.69233322143555,-73.96077728271484,40.700618743896484,-73.95780944824219,3
2016-05-23,16:40:34,40.841529846191406,-73.93932342529297,40.85850143432617,-73.904296875,1
2016-04-25,00:28:15,40.68552017211914,-73.99134063720703,40.71177673339844,-73.99689483642578,1
2016-05-28,20:36:37,40.821144104003906,-73.89846801757812,40.83312225341797,-73.91425323486328,1
2016-03-05,21:08:39,40.71703338623047,-73.95857238769531,40.73772048950195,-73.95581817626953,1
2016-01-14,06:52:01,40.68934631347656,-73.99488067626953,40.70298385620117,-74.01429748535156,1
2016-02-18,19:02:19,40.72714614868164,-73.9486312866211,40.72121810913086,-73.94095611572266,1
2016-05-29,01:10:59,40.71406936645508,-73.94947052001953,40.715145111083984,-73.9599838256836,1
2016-04-09,03:25:20,40.68704605102539,-73.97589874267578,40.693965911865234,-73.92662811279297,1
2016-05-14,01:14:55,40.66322708129883,-73.96125030517578,40.701568603515625,-73.92729949951172,1
