0.7404371584699454,0.4622685185185185,3282.0,40.78307,-73.95939,3314.0,40.7937704,-73.971888,1.0,1.0,1588.3325352005695,1.0,0.0,1971.0,2.0,69.0,0.22,0.0,3.1,802.2446941867717
0.8797814207650273,0.3240046296296296,3386.0,40.6809591,-73.99905709,143.0,40.69239502,-73.99337909,6.0,6.0,1358.7547117256665,1.0,1.0,1980.0,1.0,55.0,0.0,0.0,4.2,572.4505989012623
0.8797814207650273,0.591550925925926,427.0,40.701907,-74.013942,520.0,40.75992262,-73.97648516,3.0,2.0,7181.738065517918,1.0,0.0,1968.0,1.0,55.0,0.0,0.0,4.2,2039.0434089500884
0.4207650273224044,0.647824074074074,415.0,40.7047177,-74.00926027,502.0,40.714215,-73.981346,3.0,0.0,2578.9890883050703,1.0,0.0,1963.0,1.0,70.0,0.0,0.0,4.7,1087.792937023559
0.4207650273224044,0.7916782407407408,279.0,40.707873,-74.00167,350.0,40.71559509,-73.9870295,3.0,3.0,1503.3348763399288,1.0,1.0,1988.0,1.0,70.0,0.0,0.0,4.7,687.4933963406176
0.4207650273224044,0.8019444444444445,3135.0,40.77112927,-73.95772297,3155.0,40.76440023,-73.96648977,1.0,1.0,1051.1589880743782,1.0,1.0,1994.0,1.0,70.0,0.0,0.0,4.7,477.2418156632947
0.3743169398907104,0.5299421296296296,523.0,40.75466591,-73.99138152,367.0,40.75828065,-73.97069431,5.0,2.0,1788.2244773975215,1.0,0.0,1985.0,1.0,54.0,0.0,0.0,0.0,737.2570110735628
0.3743169398907104,0.8238425925925926,486.0,40.7462009,-73.98855723,325.0,40.73624527,-73.98473765,4.0,4.0,1152.8376835058634,1.0,1.0,1959.0,1.0,54.0,0.0,0.0,0.0,461.97021470117977
0.22404371584699453,0.3804398148148148,83.0,40.68382604,-73.97632328,430.0,40.7014851,-73.98656928,6.0,6.0,2145.2124185755843,1.0,1.0,1986.0,1.0,46.0,0.0,0.0,6.9,743.1957026116828
0.22404371584699453,0.3597106481481481,383.0,40.735238,-74.000271,328.0,40.72405549,-74.00965965,4.0,3.0,1473.7725801345302,1.0,1.0,1982.0,2.0,46.0,0.0,0.0,6.9,626.5154133650793
