0.08196721311475409,0.7591898148148148,328.0,40.72405549,-74.00965965,147.0,40.71542197,-74.01121978,3.0,3.0,968.9655428016576,0.0,0.0,1993.0,1.0,34.0,0.0,0.0,7.0,509.3927866762633
0.27595628415300544,0.47202546296296294,267.0,40.75097711,-73.98765428,523.0,40.75466591,-73.99138152,5.0,5.0,516.5412538383769,0.0,0.0,1976.0,1.0,40.0,0.0,0.0,4.9,295.3245760695417
0.22950819672131148,0.35899305555555555,127.0,40.73172428,-74.00674436,276.0,40.71748752,-74.0104554,4.0,3.0,1613.6490425519194,1.0,1.0,1981.0,2.0,50.0,0.0,0.0,9.1,628.908030904481
0.22950819672131148,0.702511574074074,505.0,40.74901271,-73.98848395,450.0,40.76227205,-73.98788205,5.0,5.0,1475.24273926646,1.0,1.0,1991.0,1.0,50.0,0.0,0.0,9.1,589.0083018413139
0.7459016393442623,0.3392013888888889,358.0,40.73291553,-74.00711384,477.0,40.75640548,-73.9900262,4.0,5.0,2982.3831038292806,1.0,1.0,1985.0,2.0,60.0,0.0,0.0,11.1,1157.504887193413
0.7459016393442623,0.7306597222222222,257.0,40.71939226,-74.00247214,519.0,40.751873,-73.977706,3.0,2.0,4171.161154171347,1.0,1.0,1977.0,1.0,60.0,0.0,0.0,11.1,1462.7140491995463
0.4262295081967213,0.012037037037037037,3048.0,40.68402,-73.94977,397.0,40.68415748,-73.96922273,6.0,6.0,1640.3414686974631,0.0,0.0,1983.0,2.0,74.0,0.4,0.0,2.5,598.5629376733833
0.4262295081967213,0.7305787037037037,426.0,40.71754834,-74.01322069,327.0,40.7153379,-74.01658354,3.0,3.0,375.15305510335986,0.0,0.0,1957.0,1.0,74.0,0.4,0.0,2.5,454.6280141361116
0.639344262295082,0.6234027777777778,504.0,40.73221853,-73.98165557,237.0,40.73047309,-73.98672378,4.0,4.0,469.0868353202819,0.0,0.0,1993.0,1.0,80.0,0.31,0.0,4.2,340.89733006180995
0.9289617486338798,0.5992592592592593,241.0,40.68981035,-73.97493121,3408.0,40.6881529,-73.99520919,6.0,6.0,1719.6350655620167,1.0,0.0,1988.0,1.0,44.0,0.19,0.0,5.6,696.292271333351
0.9289617486338798,0.6453819444444444,450.0,40.76227205,-73.98788205,334.0,40.74238787,-73.99726235,5.0,4.0,2347.9644349304554,1.0,0.0,1969.0,2.0,44.0,0.19,0.0,5.6,891.8396882676543
0.7786885245901639,0.7779166666666667,492.0,40.75019995,-73.99093085,3167.0,40.77966809007312,-73.98093044757842,5.0,1.0,3383.215167183224,1.0,1.0,1980.0,1.0,54.0,0.0,0.0,3.5,1304.2311117396291
0.3797814207650273,0.33747685185185183,3167.0,40.77966809007312,-73.98093044757842,3145.0,40.77862688,-73.95772073,1.0,1.0,1957.6950967385342,1.0,1.0,1975.0,2.0,60.0,0.0,0.0,0.0,1016.9081147777713
0.3797814207650273,0.5513078703703703,250.0,40.72456089,-73.99565293,385.0,40.75797322,-73.96603308,4.0,2.0,4475.541109776528,1.0,0.0,1980.0,1.0,60.0,0.0,0.0,0.0,1618.4541893027726
