0.5710382513661202,0.3665509259259259,382.0,40.73492695,-73.99200509,491.0,40.74096374,-73.98602213,4.0,4.0,839.456638009593,1.0,1.0,1992.0,1.0,82.0,0.0,0.0,2.1,361.2251413218202
0.5710382513661202,0.3842939814814815,127.0,40.73172428,-74.00674436,410.0,40.72066442,-73.98517977,4.0,0.0,2194.220973871383,1.0,1.0,1986.0,1.0,82.0,0.0,0.0,2.1,803.3478151439758
0.5710382513661202,0.7699305555555556,336.0,40.73047747,-73.99906065,229.0,40.72743423,-73.99379025,4.0,4.0,558.3360351114035,1.0,1.0,1955.0,2.0,82.0,0.0,0.0,2.1,360.6194380404666
0.5710382513661202,0.7835648148148148,347.0,40.728846,-74.008591,2008.0,40.70569254,-74.01677685,3.0,3.0,2665.379368623634,1.0,1.0,1986.0,1.0,82.0,0.0,0.0,2.1,1102.1699631666559
0.5710382513661202,0.8454166666666667,3175.0,40.77748046,-73.98288594,497.0,40.73704984,-73.99009296,1.0,4.0,4536.477339401808,1.0,0.0,1990.0,1.0,82.0,0.0,0.0,2.1,1626.1821770398712
0.5710382513661202,0.9673611111111111,3082.0,40.71167351,-73.95141312,3094.0,40.7169811,-73.94485918,0.0,0.0,808.3537407281627,1.0,0.0,1979.0,1.0,82.0,0.0,0.0,2.1,326.9352117805773
0.20765027322404372,0.584849537037037,356.0,40.71622644,-73.98261206,540.0,40.74311555376486,-73.98215353488922,0.0,2.0,2990.18263232724,1.0,0.0,1960.0,2.0,56.0,0.02,0.0,3.6,1253.603547590185
0.2540983606557377,0.7518055555555555,238.0,40.7361967,-74.00859207,503.0,40.73827428,-73.98751968,4.0,4.0,1790.390402447947,0.0,0.0,1990.0,1.0,55.0,0.16,0.0,5.0,729.5297204753678
0.2540983606557377,0.9624074074074074,499.0,40.76915505,-73.98191841,527.0,40.744023,-73.976056,5.0,2.0,2837.8459090604797,0.0,0.0,1974.0,2.0,55.0,0.16,0.0,5.0,1116.9374221374308
0.7568306010928961,0.648125,3427.0,40.72430527250332,-73.99600982666016,514.0,40.76087502,-74.00277668,4.0,5.0,4106.13748484855,1.0,0.0,1959.0,1.0,66.0,0.0,0.0,2.2,1344.9158849015657
0.7568306010928961,0.7241435185185185,350.0,40.71559509,-73.9870295,502.0,40.714215,-73.981346,3.0,0.0,502.99678287641683,1.0,1.0,1993.0,2.0,66.0,0.0,0.0,2.2,359.55800024444625
0.7568306010928961,0.8677777777777778,482.0,40.73935542,-73.99931783,347.0,40.728846,-74.008591,4.0,3.0,1405.7367013984203,1.0,0.0,1989.0,1.0,66.0,0.0,0.0,2.2,613.2896264687095
0.7568306010928961,0.9799768518518519,518.0,40.74780373,-73.9734419,3243.0,40.75892386377695,-73.96226227283478,2.0,2.0,1554.2611042666001,1.0,0.0,1992.0,1.0,66.0,0.0,0.0,2.2,652.3805880898742
0.9699453551912568,0.34520833333333334,540.0,40.74311555376486,-73.98215353488922,466.0,40.74395411,-73.99144871,2.0,4.0,788.6091728719967,1.0,1.0,1989.0,1.0,26.0,0.0,0.0,3.1,371.23174433383105
0.9699453551912568,0.3678240740740741,433.0,40.72955361,-73.98057249,229.0,40.72743423,-73.99379025,4.0,4.0,1138.4484175686287,1.0,1.0,1987.0,1.0,26.0,0.0,0.0,3.1,431.7575624531582
0.9699453551912568,0.45135416666666667,511.0,40.72938685,-73.97772429,285.0,40.73454567,-73.99074142,0.0,4.0,1237.7740400783825,1.0,0.0,1994.0,2.0,26.0,0.0,0.0,3.1,556.0622980007629
0.060109289617486336,0.5548958333333334,521.0,40.75096734871598,-73.99444207549095,137.0,40.761628,-73.972924,5.0,2.0,2165.6845444339115,1.0,0.0,1958.0,1.0,26.0,0.01,0.2,6.5,794.749155794246
