0.6885245901639344,0.7717013888888888,119.0,40.69608941,-73.97803415,3246.0,40.694281141397326,-73.99230033159256,6.0,6.0,1219.4272855279291,1.0,1.0,1984.0,1.0,80.0,0.0,0.0,2.6,596.6914419652347
0.6885245901639344,0.8327199074074074,72.0,40.76727216,-73.99392888,532.0,40.710451,-73.960876,5.0,0.0,6904.695076099132,1.0,1.0,1988.0,1.0,80.0,0.0,0.0,2.6,2161.4848615147193
0.13114754098360656,0.6931481481481482,458.0,40.751396,-74.005226,254.0,40.73532427,-73.99800419,5.0,4.0,1887.8207400447632,1.0,1.0,1987.0,1.0,37.0,0.0,0.0,7.3,680.6473400070286
0.13114754098360656,0.8294560185185185,494.0,40.74734825,-73.99723551,521.0,40.75096734871598,-73.99444207549095,4.0,5.0,466.175045411713,1.0,1.0,1958.0,1.0,37.0,0.0,0.0,7.3,297.9332434153726
0.13114754098360656,0.856712962962963,284.0,40.7390169121,-74.0026376103,212.0,40.74334935,-74.00681753,4.0,4.0,596.7323622461332,1.0,0.0,1969.0,1.0,37.0,0.0,0.0,7.3,309.3180808144375
0.4918032786885246,0.35105324074074074,445.0,40.72740794,-73.98142006,358.0,40.73291553,-74.00711384,4.0,4.0,2249.9722749315556,1.0,1.0,1989.0,1.0,72.0,0.12,0.0,3.6,849.6259724058921
0.4918032786885246,0.3610185185185185,393.0,40.72299208,-73.97995466,472.0,40.7457121,-73.98194829,0.0,2.0,2531.929220402638,1.0,1.0,1992.0,1.0,72.0,0.12,0.0,3.6,931.2540741688941
0.4918032786885246,0.7815740740740741,225.0,40.74195138,-74.00803013,514.0,40.76087502,-74.00277668,4.0,5.0,2150.2422797520994,1.0,1.0,1990.0,1.0,72.0,0.12,0.0,3.6,802.6876059123481
0.994535519125683,0.005115740740740741,297.0,40.734232,-73.986923,355.0,40.71602118,-73.99974372,4.0,3.0,2295.139077380567,1.0,0.0,1996.0,1.0,40.0,0.39,0.0,5.3,826.2030874606136
0.38524590163934425,0.34502314814814816,519.0,40.751873,-73.977706,417.0,40.71291224,-74.01020234,2.0,3.0,5125.002859497841,1.0,1.0,1970.0,1.0,64.0,0.0,0.0,4.5,1610.4657263509266
0.38524590163934425,0.738912037037037,402.0,40.7403432,-73.98955109,128.0,40.72710258,-74.00297088,4.0,3.0,1856.3877236528217,1.0,1.0,1967.0,1.0,64.0,0.0,0.0,4.5,708.9767366117719
0.38524590163934425,0.786886574074074,3222.0,40.685159599891776,-73.97711366415024,241.0,40.68981035,-73.97493121,6.0,6.0,548.9042089374893,1.0,1.0,1969.0,1.0,64.0,0.0,0.0,4.5,301.530342076318
0.38524590163934425,0.8640856481481481,536.0,40.74144387,-73.97536082,487.0,40.73314259,-73.97573881,2.0,0.0,923.6094407768217,1.0,0.0,1981.0,2.0,64.0,0.0,0.0,4.5,435.3359860505462
