0.9453551912568307,0.5363888888888889,379.0,40.749156,-73.9916,428.0,40.72467721,-73.98783413,5.0,4.0,2740.3477937196944,0.0,0.0,1989.0,1.0,32.0,0.03,0.4,4.0,996.3373870840087
0.9453551912568307,0.8304166666666667,3110.0,40.72708584,-73.95299117,532.0,40.710451,-73.960876,0.0,0.0,1965.45134068209,0.0,0.0,1985.0,1.0,32.0,0.03,0.4,4.0,707.09347660875
0.03551912568306011,0.3184722222222222,427.0,40.701907,-74.013942,3002.0,40.711512,-74.015756,3.0,3.0,1078.9172850043033,1.0,1.0,1967.0,1.0,26.0,0.0,0.0,9.8,442.89774027932737
0.03551912568306011,0.5326041666666667,312.0,40.722055,-73.989111,531.0,40.71893904,-73.99266288,4.0,3.0,457.87375388222466,1.0,0.0,1967.0,1.0,26.0,0.0,0.0,9.8,293.86362462616927
0.4426229508196721,0.31743055555555555,289.0,40.6845683,-73.95881081,3222.0,40.685159599891776,-73.97711366415024,6.0,6.0,1544.6937459606675,1.0,1.0,1985.0,1.0,67.0,0.0,0.0,5.4,563.560862496644
0.4426229508196721,0.3323263888888889,478.0,40.76030096,-73.99884222,352.0,40.76340613,-73.97722479,5.0,2.0,1853.1219084710551,1.0,1.0,1985.0,1.0,67.0,0.0,0.0,5.4,679.9824683356634
0.4426229508196721,0.9409375,504.0,40.73221853,-73.98165557,503.0,40.73827428,-73.98751968,4.0,4.0,835.1929134725991,1.0,0.0,1995.0,2.0,67.0,0.0,0.0,5.4,374.5345356165487
0.2459016393442623,0.7071990740740741,336.0,40.73047747,-73.99906065,505.0,40.74901271,-73.98848395,4.0,5.0,2245.4098874945594,1.0,1.0,1992.0,1.0,46.0,0.0,0.0,5.4,901.8709496765886
0.9016393442622951,0.026030092592592594,3177.0,40.7867947,-73.977112,3383.0,40.804213,-73.96699104,1.0,1.0,2115.9315278688705,1.0,0.0,1994.0,2.0,50.0,0.02,0.0,2.0,905.7150915030506
0.9016393442622951,0.49118055555555556,3301.0,40.7919557,-73.968087,3158.0,40.77163851,-73.98261428,1.0,5.0,2569.036652982286,1.0,0.0,1988.0,2.0,50.0,0.02,0.0,2.0,941.694900870017
0.39617486338797814,0.5230902777777777,382.0,40.73492695,-73.99200509,504.0,40.73221853,-73.98165557,4.0,4.0,922.5716140578016,1.0,0.0,1985.0,1.0,66.0,0.18,0.0,2.0,427.72929124353413
0.39617486338797814,0.5611921296296296,268.0,40.71910537,-73.99973337,263.0,40.71729,-73.996375,3.0,3.0,347.6443005607924,1.0,0.0,1959.0,1.0,66.0,0.18,0.0,2.0,337.4268051222066
0.39617486338797814,0.708113425925926,306.0,40.70823502,-74.00530063,498.0,40.74854862,-73.98808416,3.0,5.0,4711.577263197822,1.0,1.0,1977.0,2.0,66.0,0.18,0.0,2.0,1739.5325981615824
0.39617486338797814,0.726712962962963,3155.0,40.76440023,-73.96648977,3141.0,40.76500525,-73.95818491,1.0,1.0,702.6529911505327,1.0,1.0,1990.0,1.0,66.0,0.18,0.0,2.0,346.9508321203375
0.592896174863388,0.3332175925925926,3119.0,40.74232744,-73.95411749,3221.0,40.743,-73.93561,2.0,0.0,1560.9869767525659,1.0,1.0,1982.0,1.0,74.0,0.0,0.0,1.9,567.6625219382474
0.592896174863388,0.6525925925925926,3060.0,40.69425403,-73.94626915,473.0,40.72110063,-73.9919254,6.0,3.0,4870.4937202792335,1.0,0.0,1988.0,1.0,74.0,0.0,0.0,1.9,1468.1294989117687
0.546448087431694,0.7426388888888888,357.0,40.73261787,-73.99158043,346.0,40.73652889,-74.00618026,4.0,4.0,1304.7459034863261,1.0,1.0,1965.0,1.0,82.0,0.35,0.0,5.8,546.0476987324483
0.546448087431694,0.8918865740740741,479.0,40.76019252,-73.9912551,488.0,40.75645824,-73.99372222,5.0,5.0,464.32566645926914,1.0,0.0,1966.0,1.0,82.0,0.35,0.0,5.8,330.32960423223744
0.1830601092896175,0.3594097222222222,342.0,40.71739973,-73.98016555,505.0,40.74901271,-73.98848395,0.0,5.0,3584.397935984724,1.0,1.0,1989.0,1.0,48.0,0.0,0.0,7.9,1278.5736492144283
