0.6612021857923497,0.5828009259259259,3260.0,40.72706363348306,-73.99662137031554,3258.0,40.75018156325683,-74.00218427181244,4.0,5.0,2612.973667238275,1.0,0.0,1972.0,1.0,82.0,0.0,0.0,5.4,1088.255643464359
0.6612021857923497,0.7494791666666667,490.0,40.751551,-73.993934,434.0,40.74317449,-74.00366443,5.0,4.0,1240.7493172105096,1.0,1.0,1989.0,1.0,82.0,0.0,0.0,5.4,521.8534729659257
0.5546448087431693,0.7214467592592593,518.0,40.74780373,-73.9734419,470.0,40.74345335,-74.00004031,2.0,4.0,2292.34928893153,1.0,1.0,1976.0,1.0,80.0,0.0,0.0,5.1,894.6263654502378
0.5546448087431693,0.9158796296296297,280.0,40.73331967,-73.99510132,383.0,40.735238,-74.000271,4.0,4.0,485.0085731319736,1.0,0.0,1982.0,2.0,80.0,0.0,0.0,5.1,320.2521652072252
0.1912568306010929,0.6900810185185186,2010.0,40.72165481,-74.00234737,229.0,40.72743423,-73.99379025,3.0,4.0,965.9098200460178,1.0,1.0,1946.0,1.0,71.0,0.0,0.0,5.0,479.9827474090663
0.1912568306010929,0.7478356481481482,3062.0,40.69539817,-73.94954908,397.0,40.68415748,-73.96922273,6.0,6.0,2076.9552882169123,1.0,1.0,1989.0,2.0,71.0,0.0,0.0,5.0,791.8353021361569
0.1912568306010929,0.40555555555555556,3082.0,40.71167351,-73.95141312,229.0,40.72743423,-73.99379025,0.0,4.0,3978.1904410605907,1.0,1.0,1988.0,1.0,71.0,0.0,0.0,5.0,1373.3346274281755
0.8469945355191257,0.39230324074074074,525.0,40.75594159,-74.0021163,3162.0,40.78339981,-73.98093133,5.0,1.0,3536.2286232683814,0.0,0.0,1984.0,1.0,53.0,0.0,0.0,3.2,1283.9064517168774
0.8469945355191257,0.4546296296296296,540.0,40.74311555376486,-73.98215353488922,446.0,40.74487634,-73.99529885,2.0,4.0,1124.601394112708,0.0,0.0,1993.0,1.0,53.0,0.0,0.0,3.2,483.4019735989832
0.8469945355191257,0.6712037037037037,161.0,40.72917025,-73.99810231,2003.0,40.733812191966315,-73.98054420948029,4.0,4.0,1566.9153037129704,0.0,0.0,1990.0,2.0,53.0,0.0,0.0,3.2,663.480490176888
0.2978142076502732,0.34748842592592594,507.0,40.73912601,-73.97973776,496.0,40.73726186,-73.99238967,2.0,4.0,1085.9200864970207,1.0,1.0,1979.0,2.0,66.0,0.0,0.0,3.9,458.9899729680511
0.2978142076502732,0.34956018518518517,434.0,40.74317449,-74.00366443,450.0,40.76227205,-73.98788205,4.0,5.0,2505.355890366521,1.0,1.0,1976.0,2.0,66.0,0.0,0.0,3.9,971.3657390677879
0.2978142076502732,0.3735763888888889,519.0,40.751873,-73.977706,293.0,40.73028666,-73.9907647,2.0,4.0,2640.4149896264266,1.0,1.0,1964.0,2.0,66.0,0.0,0.0,3.9,1030.1500891581534
0.2978142076502732,0.7253472222222223,497.0,40.73704984,-73.99009296,327.0,40.7153379,-74.01658354,4.0,3.0,3288.1277203479663,1.0,1.0,1992.0,1.0,66.0,0.0,0.0,3.9,1292.9868501167068
0.2978142076502732,0.7617361111111111,402.0,40.7403432,-73.98955109,327.0,40.7153379,-74.01658354,4.0,3.0,3594.4132245794262,1.0,1.0,1982.0,2.0,66.0,0.0,0.0,3.9,1279.21363292344
0.8005464480874317,0.24231481481481482,540.0,40.74311555376486,-73.98215353488922,456.0,40.7597108,-73.97402311,2.0,2.0,1968.3005561600742,1.0,0.0,1994.0,1.0,75.0,0.0,0.0,4.5,720.6871604699579
0.34153005464480873,0.47653935185185187,357.0,40.73261787,-73.99158043,358.0,40.73291553,-74.00711384,4.0,4.0,1309.251294605689,1.0,0.0,1968.0,1.0,50.0,0.01,0.0,8.8,547.2666937088027
0.34153005464480873,0.7169444444444445,387.0,40.71273266,-74.0046073,342.0,40.71739973,-73.98016555,3.0,0.0,2124.352582402391,1.0,1.0,1969.0,1.0,50.0,0.01,0.0,8.8,817.0710713129121
0.34153005464480873,0.8279166666666666,293.0,40.73028666,-73.9907647,394.0,40.72521311,-73.97768752,4.0,0.0,1237.9723408171292,1.0,1.0,1972.0,2.0,50.0,0.01,0.0,8.8,552.5817380351698
0.7076502732240437,0.3406712962962963,528.0,40.74290902,-73.97706058,341.0,40.71782143,-73.97628939,2.0,0.0,2790.3694637664044,1.0,1.0,1974.0,1.0,68.0,0.0,0.0,4.9,1713.0670938995315
0.7076502732240437,0.64375,332.0,40.71219906,-73.97948148,507.0,40.73912601,-73.97973776,0.0,2.0,2994.218086611516,1.0,0.0,1988.0,2.0,68.0,0.0,0.0,4.9,1163.3246306870078
0.7076502732240437,0.6574768518518519,331.0,40.71173107,-73.99193043,315.0,40.70355377,-74.00670227,3.0,3.0,1541.7966770145572,1.0,0.0,1967.0,1.0,68.0,0.0,0.0,4.9,744.1089998281126
0.7076502732240437,0.9807870370370371,285.0,40.73454567,-73.99074142,438.0,40.72779126,-73.98564945,4.0,4.0,864.9705632965135,1.0,0.0,1972.0,2.0,68.0,0.0,0.0,4.9,391.1577773539335
