0.10655737704918032,0.37275462962962963,503.0,40.73827428,-73.98751968,458.0,40.751396,-74.005226,4.0,5.0,2086.600298285821,1.0,1.0,1991.0,1.0,34.0,0.05,0.1,10.5,715.5644036405747
0.10655737704918032,0.6831828703703704,497.0,40.73704984,-73.99009296,375.0,40.72679454,-73.99695094,4.0,4.0,1278.3919531680522,1.0,1.0,1976.0,1.0,34.0,0.05,0.1,10.5,534.8899578211449
0.5109289617486339,0.41502314814814817,284.0,40.7390169121,-74.0026376103,358.0,40.73291553,-74.00711384,4.0,4.0,776.2236978315764,1.0,1.0,1986.0,1.0,78.0,0.66,0.0,3.0,335.3245965073792
0.5109289617486339,0.7358564814814815,465.0,40.75513557,-73.98658032,461.0,40.73587678,-73.98205027,5.0,4.0,2175.2179971886762,1.0,1.0,1991.0,1.0,78.0,0.66,0.0,3.0,805.0024941935981
0.726775956284153,0.5980787037037038,500.0,40.76228826,-73.98336183,477.0,40.75640548,-73.9900262,5.0,5.0,861.9524819057424,1.0,0.0,1969.0,1.0,76.0,0.0,0.0,2.4,404.028501499142
0.726775956284153,0.8036805555555555,507.0,40.73912601,-73.97973776,326.0,40.72953837,-73.98426726,2.0,4.0,1132.3489387026727,1.0,1.0,1992.0,1.0,76.0,0.0,0.0,2.4,461.28919731239245
0.726775956284153,0.9379398148148148,301.0,40.72217444,-73.98368779,445.0,40.72740794,-73.98142006,0.0,4.0,612.5127071095937,1.0,0.0,1970.0,1.0,76.0,0.0,0.0,2.4,347.04231212697323
0.8661202185792349,0.39216435185185183,3161.0,40.7801839724239,-73.97728532552719,3175.0,40.77748046,-73.98288594,1.0,1.0,559.2449174630276,0.0,0.0,1989.0,1.0,44.0,0.0,0.0,5.3,305.56675817780194
0.8661202185792349,0.602650462962963,212.0,40.74334935,-74.00681753,266.0,40.72368361,-73.97574813,4.0,0.0,3411.0038616211373,0.0,0.0,1978.0,1.0,44.0,0.0,0.0,5.3,1272.085313702733
0.8661202185792349,0.6748842592592592,3132.0,40.76350532,-73.97109243,3288.0,40.778301,-73.9488134,2.0,1.0,2495.313256854661,0.0,0.0,1952.0,1.0,44.0,0.0,0.0,5.3,992.2646519294108
0.8661202185792349,0.6838425925925926,3244.0,40.73143724085228,-73.99490341544151,475.0,40.73524276,-73.98758561,4.0,4.0,747.8231310005564,0.0,0.0,1979.0,1.0,44.0,0.0,0.0,5.3,331.4548110251191
0.8661202185792349,0.751724537037037,285.0,40.73454567,-73.99074142,3263.0,40.72923649910006,-73.99086803197861,4.0,4.0,590.4492555969279,0.0,0.0,1960.0,1.0,44.0,0.0,0.0,5.3,480.41919909893073
0.8661202185792349,0.8126967592592592,3105.0,40.724055,-73.955736,3092.0,40.7190095,-73.95852515,0.0,0.0,608.2830291166428,0.0,0.0,1976.0,1.0,44.0,0.0,0.0,5.3,275.91211322568563
0.36065573770491804,0.33903935185185186,511.0,40.72938685,-73.97772429,382.0,40.73492695,-73.99200509,0.0,4.0,1351.8228417696726,1.0,1.0,1981.0,2.0,63.0,0.0,0.0,2.5,574.2402675644612
0.36065573770491804,0.8875347222222222,249.0,40.71870987,-74.0090009,72.0,40.76727216,-73.99392888,3.0,5.0,5547.161307207676,1.0,0.0,1992.0,1.0,63.0,0.0,0.0,2.5,1717.4355774724622
0.31693989071038253,0.3779050925925926,3107.0,40.72311651,-73.95212324,3090.0,40.71774592,-73.95600096,0.0,0.0,680.750480639639,1.0,1.0,1983.0,1.0,60.0,0.0,0.0,4.0,279.2630767155719
0.31693989071038253,0.6514467592592592,3159.0,40.77492513,-73.98266566,173.0,40.76068327096592,-73.9845272898674,1.0,5.0,1591.363908947076,1.0,0.0,1953.0,1.0,60.0,0.0,0.0,4.0,664.9759477193364
0.819672131147541,0.8479629629629629,546.0,40.74444921,-73.98303529,426.0,40.71754834,-74.01322069,2.0,3.0,3926.4149584163356,1.0,0.0,1990.0,2.0,44.0,0.0,0.0,4.0,1419.6333873410645
