0.6857923497267759,0.30018518518518517,492.0,40.75019995,-73.99093085,522.0,40.75714758,-73.97207836,5.0,2.0,1765.9426149471963,1.0,1.0,1968.0,1.0,78.0,0.0,0.0,6.4,675.1884043198171
0.6857923497267759,0.37626157407407407,3155.0,40.76440023,-73.96648977,518.0,40.74780373,-73.9734419,1.0,2.0,1936.1228716663911,1.0,1.0,1987.0,2.0,78.0,0.0,0.0,6.4,794.5629381291976
0.6857923497267759,0.5067476851851852,280.0,40.73331967,-73.99510132,514.0,40.76087502,-74.00277668,4.0,5.0,3131.494010358092,1.0,0.0,1960.0,1.0,78.0,0.0,0.0,6.4,1202.4612706360413
0.6857923497267759,0.8039004629629629,161.0,40.72917025,-73.99810231,462.0,40.74691959,-74.00451887,4.0,4.0,2046.3386566117636,1.0,1.0,1980.0,1.0,78.0,0.0,0.0,6.4,788.762684700779
0.6857923497267759,0.8058449074074074,79.0,40.71911552,-74.00666661,263.0,40.717590818059804,-73.99622440338135,3.0,3.0,896.2246341782095,1.0,1.0,1993.0,2.0,78.0,0.0,0.0,6.4,477.13458414834014
0.6857923497267759,0.8226157407407407,3167.0,40.77966809007312,-73.98093044757842,3289.0,40.79017948095081,-73.97288918495178,1.0,1.0,1350.7329021545813,1.0,1.0,1975.0,1.0,78.0,0.0,0.0,6.4,547.1796717419076
0.6857923497267759,0.8338310185185185,3103.0,40.72153267,-73.95782357,3115.0,40.73232194,-73.9550858,0.0,0.0,1221.6925826978693,1.0,0.0,1982.0,1.0,78.0,0.0,0.0,6.4,463.2457990721473
0.16939890710382513,0.33667824074074076,3092.0,40.7190095,-73.95852515,321.0,40.69991755,-73.98971773,0.0,6.0,3379.263690214024,1.0,1.0,1963.0,1.0,42.0,0.14,0.0,10.4,1483.9406801762477
0.8879781420765027,0.9629166666666666,520.0,40.75992262,-73.97648516,477.0,40.75640548,-73.9900262,2.0,5.0,1205.711279417323,0.0,0.0,1994.0,1.0,38.0,0.31,0.0,10.3,573.5282804984221
0.4890710382513661,0.3521990740740741,384.0,40.683048,-73.964915,505.0,40.74901271,-73.98848395,6.0,5.0,7599.153883128536,1.0,1.0,1977.0,1.0,75.0,0.45,0.0,4.9,2193.3864767531522
0.5327868852459017,0.5787037037037037,153.0,40.752062307,-73.9816324043,546.0,40.74444921,-73.98303529,2.0,2.0,854.7469477007343,1.0,0.0,1965.0,1.0,78.0,0.0,0.0,4.6,394.07538087841095
0.9918032786885246,0.6401273148148148,500.0,40.76228826,-73.98336183,492.0,40.75019995,-73.99093085,5.0,5.0,1487.6871404418787,1.0,0.0,1990.0,1.0,37.0,0.0,0.0,5.1,590.7668563201717
0.9918032786885246,0.7775925925925926,309.0,40.7149787,-74.013012,3002.0,40.711512,-74.015756,3.0,3.0,449.53595850969845,1.0,1.0,1983.0,1.0,37.0,0.0,0.0,5.1,283.67677858646744
