0.5819672131147541,0.3751157407407407,3163.0,40.7734066,-73.97782542,72.0,40.76727216,-73.99392888,1.0,5.0,1517.9882749504945,0.0,0.0,1988.0,1.0,74.0,1.08,0.0,4.3,752.2135168538109
0.5819672131147541,0.5885300925925926,3126.0,40.74718234,-73.9432635,3129.0,40.75110165,-73.94073717,2.0,2.0,484.9927335715589,0.0,0.0,1984.0,1.0,74.0,1.08,0.0,4.3,298.1626474316384
0.5819672131147541,0.5917013888888889,511.0,40.72938685,-73.97772429,236.0,40.7284186,-73.98713956,0.0,4.0,800.6412844234708,0.0,0.0,1967.0,1.0,74.0,1.08,0.0,4.3,381.437966834628
0.5819672131147541,0.6128125,236.0,40.7284186,-73.98713956,385.0,40.75797322,-73.96603308,4.0,2.0,3736.5349051253725,0.0,0.0,1982.0,1.0,74.0,1.08,0.0,4.3,1254.6429717955316
0.9180327868852459,0.15209490740740741,493.0,40.7568001,-73.98291153,281.0,40.7643971,-73.97371465,5.0,2.0,1146.1240716834668,1.0,0.0,1967.0,1.0,48.0,0.07,0.0,7.7,439.1806769600394
0.9180327868852459,0.4177777777777778,3164.0,40.7770575,-73.97898475,3374.0,40.799484,-73.955613,1.0,1.0,3176.5102416496698,1.0,0.0,1974.0,1.0,48.0,0.07,0.0,7.7,1014.9308057313807
0.9180327868852459,0.6328819444444445,2003.0,40.733812191966315,-73.98054420948029,387.0,40.71273266,-74.0046073,4.0,3.0,3099.3741077369323,1.0,0.0,1984.0,1.0,48.0,0.07,0.0,7.7,1111.5078598018365
0.3251366120218579,0.27152777777777776,509.0,40.7454973,-74.00197139,510.0,40.7606597,-73.98042047,4.0,2.0,2477.474913220167,1.0,1.0,1965.0,1.0,54.0,0.0,0.0,4.6,938.900863935502
0.3251366120218579,0.34903935185185186,487.0,40.73314259,-73.97573881,147.0,40.71542197,-74.01121978,0.0,3.0,3580.8691386587593,1.0,1.0,1966.0,1.0,54.0,0.0,0.0,4.6,1709.9580906729827
0.00819672131147541,0.4558564814814815,3143.0,40.77682863439968,-73.96388769149779,3168.0,40.78472675,-73.96961715,1.0,1.0,1002.0025463343828,0.0,0.0,1976.0,1.0,40.0,0.0,0.0,7.9,679.6327307484344
0.5191256830601093,0.42319444444444443,3147.0,40.77801203,-73.95407149,3148.0,40.77565541,-73.95068615,1.0,1.0,387.20109754995264,1.0,0.0,1974.0,1.0,76.0,0.08,0.0,5.3,381.13851461062086
0.5191256830601093,0.6365740740740741,499.0,40.76915505,-73.98191841,3147.0,40.77801203,-73.95407149,5.0,1.0,2543.3401819314904,1.0,0.0,1968.0,1.0,76.0,0.08,0.0,5.3,1026.4679814858412
0.5191256830601093,0.8109837962962962,3242.0,40.69102925677968,-73.99183362722397,168.0,40.73971301,-73.99456405,6.0,4.0,5418.275276601636,1.0,1.0,1981.0,1.0,76.0,0.08,0.0,5.3,1816.0939197612015
0.5191256830601093,0.9442708333333333,280.0,40.73331967,-73.99510132,229.0,40.72743423,-73.99379025,4.0,4.0,663.6900331501954,1.0,0.0,1990.0,1.0,76.0,0.08,0.0,5.3,327.73557325534637
0.8278688524590164,0.5678125,3360.0,40.7829391,-73.9786517,3158.0,40.77163851,-73.98261428,1.0,5.0,1300.1127069001727,0.0,0.0,1985.0,1.0,52.0,0.0,0.0,4.3,1027.4336473886096
0.8278688524590164,0.5927546296296297,509.0,40.7454973,-74.00197139,336.0,40.73047747,-73.99906065,4.0,4.0,1688.0378832885149,0.0,0.0,1992.0,1.0,52.0,0.0,0.0,4.3,669.1983991878246
0.8278688524590164,0.9629398148148148,491.0,40.74096374,-73.98602213,491.0,40.74096374,-73.98602213,4.0,4.0,0.0,0.0,0.0,1989.0,1.0,52.0,0.0,0.0,4.3,416.64249430007357
0.36885245901639346,0.4176273148148148,3145.0,40.77862688,-73.95772073,3147.0,40.77801203,-73.95407149,1.0,1.0,314.78558948579007,0.0,0.0,1941.0,1.0,64.0,0.0,0.0,0.0,646.4476000745876
0.36885245901639346,0.594212962962963,212.0,40.74334935,-74.00681753,483.0,40.73223272,-73.98889957,4.0,4.0,1951.149739322346,0.0,0.0,1969.0,2.0,64.0,0.0,0.0,0.0,793.0407155995667
0.2185792349726776,0.1517824074074074,236.0,40.7284186,-73.98713956,307.0,40.71427487,-73.98990025,4.0,3.0,1589.826273503953,0.0,0.0,1985.0,2.0,38.0,0.07,0.0,9.6,647.1785856328053
