0.23497267759562843,0.5398148148148149,3073.0,40.70691254,-73.95441667,285.0,40.73454567,-73.99074142,0.0,4.0,4337.338324233926,0.0,0.0,1967.0,1.0,46.0,0.0,0.0,6.4,1609.2351608755691
0.23497267759562843,0.393125,3168.0,40.78472675,-73.96961715,477.0,40.75640548,-73.9900262,1.0,5.0,3587.6428352614084,0.0,0.0,1982.0,2.0,46.0,0.0,0.0,6.4,1360.4562912910908
0.02459016393442623,0.5346180555555555,428.0,40.72467721,-73.98783413,335.0,40.72903917,-73.99404649,4.0,4.0,713.651899651296,0.0,0.0,1956.0,1.0,44.0,0.0,0.0,8.1,367.73586599743453
0.7841530054644809,0.2914236111111111,501.0,40.744219,-73.97121214,500.0,40.76228826,-73.98336183,2.0,5.0,2254.8367689313845,1.0,1.0,1970.0,1.0,60.0,0.0,0.0,2.9,857.1128259914491
0.7841530054644809,0.39207175925925924,459.0,40.746745,-74.007756,3259.0,40.74937024193277,-73.99923384189606,4.0,5.0,774.9848438721511,1.0,1.0,1964.0,1.0,60.0,0.0,0.0,2.9,357.9026636718365
0.7841530054644809,0.7554976851851852,3223.0,40.758996559605116,-73.96865397691727,3140.0,40.77140426,-73.9535166,2.0,1.0,1878.4885585879708,1.0,1.0,1988.0,1.0,60.0,0.0,0.0,2.9,768.2305961825513
0.43169398907103823,0.28175925925925926,3230.0,40.751283596962296,-73.99692445993422,127.0,40.73172428,-74.00674436,5.0,4.0,2326.932573600724,1.0,1.0,1963.0,1.0,74.0,0.0,0.0,5.6,895.1838734048455
0.43169398907103823,0.3804166666666667,376.0,40.70862144,-74.00722156,358.0,40.73291553,-74.00711384,3.0,4.0,2701.394788627634,1.0,1.0,1969.0,1.0,74.0,0.0,0.0,5.6,1020.8297815229131
0.43169398907103823,0.40694444444444444,397.0,40.68415748,-73.96922273,3041.0,40.67890679,-73.94142771,6.0,6.0,2415.414514815448,1.0,1.0,1991.0,2.0,74.0,0.0,0.0,5.6,874.702013010848
0.43169398907103823,0.6534953703703704,496.0,40.73726186,-73.99238967,280.0,40.73331967,-73.99510132,4.0,4.0,494.3196248717608,1.0,0.0,1986.0,2.0,74.0,0.0,0.0,5.6,316.8762111968466
0.43169398907103823,0.6572569444444445,212.0,40.74334935,-74.00681753,358.0,40.73291553,-74.00711384,4.0,4.0,1160.4564125145994,1.0,0.0,1984.0,2.0,74.0,0.0,0.0,5.6,468.6437522770833
0.43169398907103823,0.7033680555555556,284.0,40.7390169121,-74.0026376103,488.0,40.75645824,-73.99372222,4.0,5.0,2079.7297142829034,1.0,1.0,1964.0,1.0,74.0,0.0,0.0,5.6,810.2855769726215
0.2814207650273224,0.620011574074074,471.0,40.71286844,-73.95698119,539.0,40.71534825,-73.96024116,0.0,0.0,389.26417859169186,1.0,0.0,1988.0,1.0,52.0,0.2,0.0,5.8,265.64615911796886
0.644808743169399,0.12737268518518519,387.0,40.71273266,-74.0046073,2009.0,40.71117444,-73.99682619,3.0,3.0,678.3369464125673,1.0,0.0,1983.0,1.0,72.0,0.0,0.0,1.8,307.11618855108804
0.644808743169399,0.378587962962963,366.0,40.693261,-73.968896,324.0,40.689888,-73.981013,6.0,6.0,1088.2730818140776,1.0,1.0,1987.0,2.0,72.0,0.0,0.0,1.8,431.20853748933774
0.644808743169399,0.5313310185185185,455.0,40.75001986,-73.96905301,2022.0,40.759107,-73.959223,2.0,2.0,1306.3600692043635,1.0,0.0,1981.0,1.0,72.0,0.0,0.0,1.8,542.9023123080394
0.9344262295081968,0.8391898148148148,3427.0,40.72430527250332,-73.99600982666016,499.0,40.76915505,-73.98191841,4.0,5.0,5126.402976017376,1.0,0.0,1989.0,1.0,43.0,0.09,0.0,3.9,1495.2288143177682
