0.5792349726775956,0.493275462962963,478.0,40.76030096,-73.99884222,127.0,40.73172428,-74.00674436,5.0,4.0,3246.5638106861543,0.0,0.0,1981.0,1.0,78.0,0.25,0.0,3.5,1242.271256369215
0.5792349726775956,0.4973032407407407,458.0,40.751396,-74.005226,435.0,40.74173969,-73.99415556,5.0,4.0,1422.192534783876,0.0,0.0,1982.0,1.0,78.0,0.25,0.0,3.5,604.0131712273669
0.5163934426229508,0.37873842592592594,514.0,40.76087502,-74.00277668,173.0,40.76068327096592,-73.9845272898674,5.0,5.0,1537.1795074574015,1.0,1.0,1958.0,1.0,83.0,0.04,0.0,1.9,655.1934263195101
0.5163934426229508,0.7217013888888889,359.0,40.75510267,-73.97498696,515.0,40.76009437,-73.99461843,2.0,5.0,1744.1883866682444,1.0,1.0,1972.0,1.0,83.0,0.04,0.0,1.9,770.9782215871467
0.5163934426229508,0.7687615740740741,2003.0,40.733812191966315,-73.98054420948029,507.0,40.73912601,-73.97973776,4.0,2.0,594.7635567638763,1.0,1.0,1991.0,1.0,83.0,0.04,0.0,1.9,321.7554948525267
0.8715846994535519,0.4230324074074074,445.0,40.72740794,-73.98142006,385.0,40.75797322,-73.96603308,4.0,2.0,3637.5247285318433,1.0,0.0,1993.0,1.0,54.0,0.0,0.0,3.6,1259.9058505936646
0.73224043715847,0.5239814814814815,488.0,40.75645824,-73.99372222,382.0,40.73492695,-73.99200509,5.0,4.0,2398.536275975658,0.0,0.0,1981.0,1.0,64.0,0.2,0.0,5.1,915.8242942112993
0.73224043715847,0.5843402777777778,3016.0,40.72036775298455,-73.96165072917938,410.0,40.72066442,-73.98517977,0.0,0.0,1983.1777505517846,0.0,0.0,1978.0,1.0,64.0,0.2,0.0,5.1,1107.4372395868957
0.73224043715847,0.5974305555555556,462.0,40.74691959,-74.00451887,327.0,40.7153379,-74.01658354,4.0,3.0,3655.905790860353,0.0,0.0,1979.0,1.0,64.0,0.2,0.0,5.1,1243.474411973013
0.73224043715847,0.6722453703703704,3090.0,40.71774592,-73.95600096,3100.0,40.724812564400175,-73.94752621650696,0.0,0.0,1061.848297507347,0.0,0.0,1980.0,1.0,64.0,0.2,0.0,5.1,459.1887791551536
0.73224043715847,0.8239583333333333,513.0,40.768254,-73.988639,3167.0,40.77966809007312,-73.98093044757842,5.0,1.0,1425.5489342725557,0.0,0.0,1978.0,1.0,64.0,0.2,0.0,5.1,559.1192412875623
0.366120218579235,0.3607523148148148,3164.0,40.7770575,-73.97898475,495.0,40.76269882,-73.99301222,1.0,5.0,1986.1024654714781,1.0,1.0,1989.0,1.0,61.0,0.25,0.0,0.0,826.570510311187
0.825136612021858,0.7695138888888889,3150.0,40.77536905,-73.94803392,3147.0,40.77801203,-73.95407149,1.0,1.0,587.2173063537364,1.0,1.0,1966.0,1.0,46.0,0.0,0.0,8.3,307.4666516291114
