0.34972677595628415,0.5123611111111112,361.0,40.71605866,-73.99190759,310.0,40.68926942,-73.98912867,3.0,6.0,2988.024298485548,0.0,0.0,1982.0,1.0,54.0,0.0,0.0,4.4,1123.2196948435505
0.34972677595628415,0.6477199074074074,167.0,40.7489006,-73.97604882,3167.0,40.77966809007312,-73.98093044757842,2.0,1.0,3445.8029650777803,0.0,0.0,1992.0,1.0,54.0,0.0,0.0,4.4,1203.4951989228666
0.412568306010929,0.4122337962962963,409.0,40.6906495,-73.95643107,323.0,40.69236178,-73.98631746,6.0,6.0,2526.947660062796,1.0,1.0,1993.0,1.0,75.0,1.65,0.0,3.1,885.5222614562639
0.412568306010929,0.4991203703703704,475.0,40.73524276,-73.98758561,532.0,40.710451,-73.960876,4.0,0.0,3558.917192996504,1.0,0.0,1985.0,1.0,75.0,1.65,0.0,3.1,1395.1752880626984
0.412568306010929,0.7418171296296296,483.0,40.73223272,-73.98889957,229.0,40.72743423,-73.99379025,4.0,4.0,674.1835215096016,1.0,1.0,1984.0,1.0,75.0,1.65,0.0,3.1,337.6651786515368
0.1994535519125683,0.9010532407407408,212.0,40.74334935,-74.00681753,462.0,40.74691959,-74.00451887,4.0,4.0,441.7039389261685,0.0,0.0,1973.0,1.0,56.0,0.0,0.0,3.5,314.4524211184063
0.15846994535519127,0.5478472222222223,450.0,40.76227205,-73.98788205,474.0,40.7451677,-73.98683077,5.0,4.0,1903.977287480796,0.0,0.0,1959.0,2.0,34.0,0.0,0.0,6.0,839.5847149427898
0.6092896174863388,0.026990740740740742,434.0,40.74317449,-74.00366443,3255.0,40.7505853470215,-73.9946848154068,4.0,5.0,1118.60701594639,1.0,0.0,1973.0,1.0,80.0,0.09,0.0,4.1,432.65896487654135
0.6092896174863388,0.8714120370370371,459.0,40.746745,-74.007756,334.0,40.74238787,-73.99726235,4.0,4.0,1008.0873185792678,1.0,0.0,1988.0,1.0,80.0,0.09,0.0,4.1,436.49490435367346
0.5628415300546448,0.8890972222222222,368.0,40.73038599,-74.00214988,377.0,40.72243797,-74.00566443,4.0,3.0,932.0825244209867,0.0,0.0,1959.0,1.0,84.0,0.0,0.0,4.0,455.0781495153496
0.7158469945355191,0.7766898148148148,519.0,40.751873,-73.977706,248.0,40.72185379,-74.00771779,2.0,3.0,4187.603603513659,0.0,0.0,1983.0,1.0,76.0,0.0,0.0,3.5,1528.3889344734814
0.7158469945355191,0.9238078703703704,150.0,40.7208736,-73.98085795,150.0,40.7208736,-73.98085795,0.0,0.0,0.0,0.0,0.0,1981.0,1.0,76.0,0.0,0.0,3.5,497.6107667552997
