0.6557377049180327,0.7660069444444444,361.0,40.71605866,-73.99190759,438.0,40.72779126,-73.98564945,3.0,4.0,1407.173732563478,0.0,0.0,1960.0,1.0,81.0,0.0,0.0,2.7,665.4069113990779
0.6557377049180327,0.7676851851851851,3090.0,40.71774592,-73.95600096,3067.0,40.7016657,-73.9437303,0.0,0.0,2065.624966922095,0.0,0.0,1990.0,1.0,81.0,0.0,0.0,2.7,820.3933923277484
0.7021857923497268,0.5667939814814815,479.0,40.76019252,-73.9912551,438.0,40.72779126,-73.98564945,5.0,4.0,3633.6740567700895,1.0,0.0,1958.0,1.0,74.0,0.0,0.0,4.0,1356.3053359742157
0.1448087431693989,0.2864467592592593,238.0,40.7361967,-74.00859207,195.0,40.70905623,-74.01043382,4.0,3.0,3021.871039065599,1.0,1.0,1967.0,1.0,45.0,0.0,0.0,5.2,1041.6854277905218
0.7950819672131147,0.36461805555555554,517.0,40.751581,-73.97791,195.0,40.70905623,-74.01043382,2.0,3.0,5465.308034342172,1.0,1.0,1964.0,1.0,72.0,0.0,0.0,2.7,1941.2771117347756
0.7950819672131147,0.7449537037037037,388.0,40.749717753,-74.002950346,82.0,40.71117416,-74.00016545,5.0,3.0,4292.2712596841675,1.0,1.0,1966.0,1.0,72.0,0.0,0.0,2.7,1483.5285530349595
0.7950819672131147,0.7514467592592593,297.0,40.734232,-73.986923,491.0,40.74096374,-73.98602213,4.0,4.0,752.37365864549,1.0,1.0,1973.0,1.0,72.0,0.0,0.0,2.7,337.0165639911509
0.2923497267759563,0.7133680555555556,3097.0,40.71921585,-73.9424469,3086.0,40.715143,-73.944507,0.0,0.0,485.02112680059986,0.0,0.0,1982.0,1.0,56.0,0.0,0.0,4.8,274.3062901532889
0.3360655737704918,0.6057407407407407,545.0,40.736502,-73.97809472,280.0,40.73331967,-73.99510132,2.0,4.0,1475.9626923910207,1.0,0.0,1943.0,1.0,52.0,0.04,0.0,2.3,723.9270667711845
0.8415300546448088,0.2845486111111111,346.0,40.73652889,-74.00618026,328.0,40.72405549,-74.00965965,4.0,3.0,1417.6267500672172,1.0,1.0,1990.0,1.0,64.0,0.0,0.0,5.1,557.1450417073826
0.8415300546448088,0.33841435185185187,536.0,40.74144387,-73.97536082,3150.0,40.77536905,-73.94803392,2.0,1.0,4419.041027002538,1.0,1.0,1983.0,2.0,64.0,0.0,0.0,5.1,1654.1659245654134
0.8415300546448088,0.6137268518518518,444.0,40.7423543,-73.98915076,470.0,40.74345335,-74.00004031,4.0,4.0,925.5090824697735,1.0,0.0,1969.0,1.0,64.0,0.0,0.0,5.1,431.4253279160844
0.8415300546448088,0.7336342592592593,470.0,40.74345335,-74.00004031,459.0,40.746745,-74.007756,4.0,4.0,745.9647986901507,1.0,1.0,1972.0,1.0,64.0,0.0,0.0,5.1,348.23201861725664
0.8415300546448088,0.7372453703703704,474.0,40.7451677,-73.98683077,3263.0,40.72923649910006,-73.99086803197861,4.0,4.0,1803.8309269952472,1.0,1.0,1955.0,1.0,64.0,0.0,0.0,5.1,740.4428272651909
0.8415300546448088,0.7507523148148149,362.0,40.75172632,-73.98753523,491.0,40.74096374,-73.98602213,5.0,4.0,1203.5134528993872,1.0,1.0,1989.0,1.0,64.0,0.0,0.0,5.1,509.1550683442921
0.8415300546448088,0.7632175925925926,3164.0,40.7770575,-73.97898475,3164.0,40.7770575,-73.97898475,1.0,1.0,0.0,1.0,1.0,1966.0,1.0,64.0,0.0,0.0,5.1,571.6076254256034
