0.30601092896174864,0.675324074074074,433.0,40.72955361,-73.98057249,2017.0,40.75022392,-73.97121414,4.0,2.0,2429.9051305982007,1.0,1.0,1977.0,1.0,61.0,0.0,0.0,5.6,920.4421505018023
0.30601092896174864,0.7362615740740741,3161.0,40.7801839724239,-73.97728532552719,514.0,40.76087502,-74.00277668,1.0,5.0,3036.1180865198294,1.0,1.0,1967.0,1.0,61.0,0.0,0.0,5.6,1142.28313875936
0.4562841530054645,0.4828703703703704,128.0,40.72710258,-74.00297088,248.0,40.72185379,-74.00771779,3.0,3.0,707.5668442661298,1.0,0.0,1968.0,2.0,74.0,0.0,0.0,2.4,413.27274675966396
0.8087431693989071,0.36743055555555554,3415.0,40.6793307,-73.97519523,467.0,40.68312489,-73.97895137,6.0,6.0,527.5564532787637,0.0,0.0,1982.0,1.0,52.0,0.29,0.0,10.4,288.8050465349954
0.8087431693989071,0.6264814814814815,168.0,40.73971301,-73.99456405,476.0,40.74394314,-73.97966069,4.0,2.0,1340.7885137670658,0.0,0.0,1991.0,1.0,52.0,0.29,0.0,10.4,562.1742347938552
0.09562841530054644,0.6538657407407408,72.0,40.76727216,-73.99392888,328.0,40.72405549,-74.00965965,5.0,3.0,4984.852279522949,1.0,0.0,1975.0,1.0,52.0,0.0,0.0,5.7,1517.6637053684074
0.5,0.36135416666666664,268.0,40.71910537,-73.99973337,257.0,40.71939226,-74.00247214,3.0,3.0,233.00754541808536,1.0,1.0,1989.0,1.0,72.0,0.83,0.0,3.3,326.37686974789057
0.5,0.42909722222222224,469.0,40.76344058,-73.98268129,474.0,40.7451677,-73.98683077,5.0,4.0,2061.694452046951,1.0,0.0,1979.0,1.0,72.0,0.83,0.0,3.3,804.5238410281984
0.5,0.6201736111111111,508.0,40.76341379,-73.99667444,401.0,40.72019576,-73.98997825,5.0,3.0,4838.624784933092,1.0,0.0,1976.0,2.0,72.0,0.83,0.0,3.3,1638.9598219521945
0.6065573770491803,0.46578703703703705,478.0,40.76030096,-73.99884222,3138.0,40.774405455003,-73.96175265312193,5.0,1.0,3495.146115105404,1.0,0.0,1988.0,1.0,79.0,0.0,0.0,2.7,1776.8064894678816
0.6065573770491803,0.5941666666666666,153.0,40.752062307,-73.9816324043,301.0,40.72217444,-73.98368779,2.0,0.0,3327.8879327471286,1.0,0.0,1976.0,1.0,79.0,0.0,0.0,2.7,1215.7700375857337
0.6065573770491803,0.6652777777777777,368.0,40.73038599,-74.00214988,251.0,40.72317958,-73.99480012,4.0,3.0,1012.7638232362627,1.0,0.0,1959.0,1.0,79.0,0.0,0.0,2.7,464.0370907673328
0.6065573770491803,0.9180787037037037,3101.0,40.72079821,-73.95484712,3079.0,40.71103537,-73.94714303,0.0,0.0,1264.9415202533357,1.0,0.0,1982.0,1.0,79.0,0.0,0.0,2.7,486.910393920819
