0.15300546448087432,0.3996296296296296,454.0,40.75455731,-73.96592976,465.0,40.75513557,-73.98658032,2.0,5.0,1740.6103728226217,1.0,1.0,1972.0,1.0,49.0,0.02,0.0,8.9,704.6989225439331
0.7103825136612022,0.363125,362.0,40.75172632,-73.98753523,450.0,40.76227205,-73.98788205,5.0,5.0,1172.9954761961085,1.0,1.0,1976.0,1.0,67.0,0.0,0.0,2.7,477.24220800984233
0.7103825136612022,0.36667824074074074,531.0,40.71893904,-73.99266288,466.0,40.74395411,-73.99144871,3.0,4.0,2783.429672596467,1.0,1.0,1986.0,1.0,67.0,0.0,0.0,2.7,1072.9412644547112
0.5573770491803278,0.6727083333333334,359.0,40.75510267,-73.97498696,3155.0,40.76440023,-73.96648977,2.0,1.0,1257.3863674240174,1.0,1.0,1987.0,1.0,84.0,0.0,0.0,6.5,517.172645390717
0.5573770491803278,0.7240856481481481,498.0,40.74854862,-73.98808416,462.0,40.74691959,-74.00451887,5.0,4.0,1396.2637913506273,1.0,1.0,1983.0,1.0,84.0,0.0,0.0,6.5,580.6806318427331
0.5573770491803278,0.8708912037037037,398.0,40.69165183,-73.9999786,2000.0,40.70255088,-73.98940236,6.0,6.0,1504.5729081010998,1.0,0.0,1991.0,1.0,84.0,0.0,0.0,6.5,690.8214912737319
0.3442622950819672,0.6894907407407408,519.0,40.751873,-73.977706,3147.0,40.77801203,-73.95407149,2.0,1.0,3522.760267260387,1.0,1.0,1988.0,1.0,52.0,0.0,0.0,8.2,1145.6727348690144
0.3442622950819672,0.8596296296296296,523.0,40.75466591,-73.99138152,472.0,40.7457121,-73.98194829,5.0,2.0,1273.8484580841314,1.0,0.0,1991.0,1.0,52.0,0.0,0.0,8.2,532.6230891064234
0.8497267759562842,0.4524074074074074,3151.0,40.7728384,-73.94989233,441.0,40.756014,-73.967416,1.0,2.0,2382.8375996006353,0.0,0.0,1975.0,0.0,52.0,0.0,0.0,7.5,937.6851806793507
0.8497267759562842,0.7943634259259259,501.0,40.744219,-73.97121214,394.0,40.72521311,-73.97768752,2.0,0.0,2182.6492054887603,0.0,0.0,1974.0,2.0,52.0,0.0,0.0,7.5,828.6349216828463
