0.45901639344262296,0.5776273148148148,545.0,40.736502,-73.97809472,453.0,40.74475148,-73.99915362,2.0,4.0,1997.3015786451833,1.0,0.0,1994.0,2.0,70.0,0.22,0.0,1.8,787.9693229313273
0.45901639344262296,0.6641666666666667,507.0,40.73912601,-73.97973776,428.0,40.72467721,-73.98783413,2.0,4.0,1745.4715121120187,1.0,0.0,1989.0,2.0,70.0,0.22,0.0,1.8,717.2021273290204
0.45901639344262296,0.8075462962962963,453.0,40.74475148,-73.99915362,3255.0,40.7505853470215,-73.9946848154068,4.0,5.0,750.0162354279021,1.0,1.0,1965.0,2.0,70.0,0.22,0.0,1.8,382.4382089124914
0.45901639344262296,0.8621412037037037,480.0,40.76669671,-73.99061728,514.0,40.76087502,-74.00277668,5.0,5.0,1211.5108423301376,1.0,0.0,1988.0,2.0,70.0,0.22,0.0,1.8,551.6258337438929
0.45901639344262296,0.9631828703703704,453.0,40.74475148,-73.99915362,174.0,40.7381765,-73.97738662,4.0,2.0,1974.195484768201,1.0,0.0,1971.0,1.0,70.0,0.22,0.0,1.8,804.4258567298036
0.05191256830601093,0.013472222222222222,127.0,40.73172428,-74.00674436,489.0,40.75066386,-74.00176802,4.0,5.0,2147.3108024272747,1.0,0.0,1969.0,1.0,22.0,0.0,0.0,11.0,758.0029313296566
0.3087431693989071,0.7197453703703703,477.0,40.75640548,-73.9900262,408.0,40.71076228,-73.99400398,5.0,3.0,5086.3467089094065,1.0,1.0,1973.0,1.0,70.0,0.0,0.0,4.2,1623.8372350215816
0.5027322404371585,0.5419328703703704,501.0,40.744219,-73.97121214,326.0,40.72953837,-73.98426726,2.0,4.0,1968.4128037448443,0.0,0.0,1992.0,2.0,70.0,0.0,0.0,5.3,812.7430231431422
0.09836065573770492,0.7017592592592593,534.0,40.70255065,-74.0127234,417.0,40.71291224,-74.01020234,3.0,3.0,1171.589211780531,1.0,1.0,1980.0,1.0,38.0,0.53,2.5,8.3,511.0581272765545
0.9617486338797814,0.7517476851851852,397.0,40.68415748,-73.96922273,353.0,40.68539567,-73.97431458,6.0,6.0,450.8798706149536,0.0,0.0,1981.0,2.0,32.0,0.73,2.8,4.2,296.8440156441778
0.8114754098360656,0.11454861111111111,358.0,40.73291553,-74.00711384,358.0,40.73291553,-74.00711384,4.0,4.0,0.0,0.0,0.0,1983.0,1.0,53.0,0.0,0.0,8.4,328.83094022724924
0.8114754098360656,0.6361342592592593,3263.0,40.72923649910006,-73.99086803197861,472.0,40.7457121,-73.98194829,4.0,2.0,1980.1550352729728,0.0,0.0,1990.0,1.0,53.0,0.0,0.0,8.4,759.2632410405955
0.8114754098360656,0.7775578703703704,504.0,40.73221853,-73.98165557,237.0,40.73047309,-73.98672378,4.0,4.0,469.0868353202819,0.0,0.0,1995.0,1.0,53.0,0.0,0.0,8.4,294.66136296425304
