0.2677595628415301,0.3478587962962963,216.0,40.70037867,-73.99548059,157.0,40.69089272,-73.99612349,3.0,6.0,1056.181143357464,1.0,1.0,1964.0,1.0,53.0,0.09,0.0,7.0,578.5262178566957
0.2677595628415301,0.3661111111111111,530.0,40.771522,-73.990541,458.0,40.751396,-74.005226,5.0,5.0,2556.940122772321,1.0,1.0,1983.0,2.0,53.0,0.09,0.0,7.0,1024.6939570152183
0.2677595628415301,0.47274305555555557,470.0,40.74345335,-74.00004031,446.0,40.74487634,-73.99529885,4.0,4.0,429.6410062539601,1.0,0.0,1975.0,1.0,53.0,0.09,0.0,7.0,290.81842978596376
0.6311475409836066,0.7871643518518519,82.0,40.71117416,-74.00016545,308.0,40.71307916,-73.99851193,3.0,3.0,253.56201719941367,1.0,1.0,1994.0,1.0,78.0,0.03,0.0,1.6,451.83470176446855
0.33060109289617484,0.8611111111111112,3151.0,40.7728384,-73.94989233,2022.0,40.759107,-73.959223,1.0,2.0,1717.2049909415007,0.0,0.0,1989.0,2.0,56.0,0.0,0.0,5.7,699.4904252135689
0.7704918032786885,0.25256944444444446,492.0,40.75019995,-73.99093085,444.0,40.7423543,-73.98915076,5.0,4.0,885.1910344311426,0.0,0.0,1967.0,1.0,63.0,0.23,0.0,2.0,405.8794265671947
0.7704918032786885,0.4458796296296296,363.0,40.70834698,-74.01713445,458.0,40.751396,-74.005226,3.0,5.0,4890.874927983409,0.0,0.0,1953.0,1.0,63.0,0.23,0.0,2.0,1508.539778879728
0.7704918032786885,0.6219097222222222,3135.0,40.77112927,-73.95772297,281.0,40.7643971,-73.97371465,1.0,2.0,1540.8043983821715,0.0,0.0,1976.0,1.0,63.0,0.23,0.0,2.0,712.2388435553814
0.8333333333333334,0.2551967592592593,151.0,40.722103786686034,-73.99724900722504,152.0,40.71473993,-74.00910627,3.0,3.0,1291.9250553810937,1.0,1.0,1981.0,1.0,49.0,0.0,0.0,4.8,519.345915643668
0.8333333333333334,0.38699074074074075,297.0,40.734232,-73.986923,284.0,40.7390169121,-74.0026376103,4.0,4.0,1426.928481041771,1.0,1.0,1992.0,1.0,49.0,0.0,0.0,4.8,552.9560107254993
0.8333333333333334,0.5790162037037037,494.0,40.74734825,-73.99723551,495.0,40.76269882,-73.99301222,4.0,5.0,1743.5801246202138,1.0,0.0,1957.0,1.0,49.0,0.0,0.0,4.8,738.0616695096652
0.5245901639344263,0.40099537037037036,363.0,40.70834698,-74.01713445,525.0,40.75594159,-74.0021163,3.0,5.0,5441.463773917504,0.0,0.0,1954.0,1.0,73.0,0.0,0.0,4.3,1596.894333143364
0.5245901639344263,0.4803472222222222,416.0,40.68753406,-73.97265183,406.0,40.69512845,-73.99595065,6.0,6.0,2138.183242462774,0.0,0.0,1973.0,2.0,73.0,0.0,0.0,4.3,831.2853382198313
0.4808743169398907,0.4300231481481481,502.0,40.714215,-73.981346,307.0,40.71427487,-73.98990025,0.0,3.0,721.0056935345416,1.0,0.0,1960.0,1.0,76.0,0.0,0.0,6.2,347.6666019461255
0.4808743169398907,0.46208333333333335,3146.0,40.77573034,-73.9567526,3159.0,40.77492513,-73.98266566,1.0,1.0,2183.852874366453,1.0,0.0,1961.0,2.0,76.0,0.0,0.0,6.2,866.2097087500878
0.4808743169398907,0.5928009259259259,340.0,40.71269042,-73.98776323,340.0,40.71269042,-73.98776323,3.0,3.0,0.0,1.0,0.0,1987.0,1.0,76.0,0.0,0.0,6.2,475.06385679004444
0.6775956284153005,0.10385416666666666,546.0,40.74444921,-73.98303529,527.0,40.744023,-73.976056,2.0,2.0,589.8749903099946,0.0,0.0,1976.0,1.0,72.0,0.0,0.0,6.8,320.27664104828744
0.6775956284153005,0.7524768518518519,446.0,40.74487634,-73.99529885,3175.0,40.77748046,-73.98288594,4.0,1.0,3773.141084955364,0.0,0.0,1975.0,1.0,72.0,0.0,0.0,6.8,1328.2543953809138
0.07377049180327869,0.26113425925925926,477.0,40.75640548,-73.9900262,167.0,40.7489006,-73.97604882,5.0,2.0,1443.1216822484942,1.0,1.0,1966.0,1.0,40.0,0.0,0.0,6.6,542.7572651743155
