0.9562841530054644,0.41824074074074075,3258.0,40.75018156325683,-74.00218427181244,514.0,40.76087502,-74.00277668,5.0,5.0,1190.1046754764138,1.0,0.0,1971.0,2.0,26.0,0.0,0.0,10.9,510.3560734672569
0.9562841530054644,0.5582407407407407,540.0,40.74311555376486,-73.98215353488922,433.0,40.72955361,-73.98057249,2.0,4.0,1513.891458843682,1.0,0.0,1990.0,1.0,26.0,0.0,0.0,10.9,600.0407754604869
0.9562841530054644,0.7384259259259259,3358.0,40.6711978,-73.97484126,3358.0,40.6711978,-73.97484126,6.0,6.0,0.0,1.0,1.0,1942.0,1.0,26.0,0.0,0.0,10.9,614.4736666306756
0.9562841530054644,0.7618171296296297,3360.0,40.7829391,-73.9786517,3301.0,40.7919557,-73.968087,1.0,1.0,1340.265995699305,1.0,1.0,1980.0,1.0,26.0,0.0,0.0,10.9,553.6716285381472
0.04644808743169399,0.9925115740740741,432.0,40.72621788,-73.98379855,312.0,40.722055,-73.989111,4.0,4.0,643.9614822363786,0.0,0.0,1984.0,1.0,36.0,0.05,0.4,5.5,299.9515058462544
0.09289617486338798,0.3290625,3002.0,40.711512,-74.015756,363.0,40.70834698,-74.01713445,3.0,3.0,370.6171455023103,1.0,1.0,1958.0,2.0,50.0,0.73,0.0,6.5,296.0529759545817
0.453551912568306,0.41989583333333336,447.0,40.76370739,-73.9851615,480.0,40.76669671,-73.99061728,5.0,5.0,567.1028877068316,1.0,0.0,1979.0,1.0,68.0,0.0,0.0,4.2,316.36264117288863
0.453551912568306,0.6892939814814815,497.0,40.73704984,-73.99009296,150.0,40.7208736,-73.98085795,4.0,0.0,1959.8319691896904,1.0,1.0,1984.0,2.0,68.0,0.0,0.0,4.2,777.1971008403087
0.453551912568306,0.8719097222222222,247.0,40.73535398,-74.00483091,307.0,40.71427487,-73.98990025,4.0,3.0,2660.240158146999,1.0,0.0,1974.0,2.0,68.0,0.0,0.0,4.2,1091.701640462332
0.40710382513661203,0.6232175925925926,257.0,40.71939226,-74.00247214,301.0,40.72217444,-73.98368779,3.0,0.0,1612.9849338020144,0.0,0.0,1972.0,1.0,82.0,0.0,0.0,4.4,707.7346197123821
0.6666666666666666,0.3174074074074074,3171.0,40.78524672,-73.97667321,3226.0,40.78275,-73.97137,1.0,1.0,525.7723798568093,1.0,1.0,1975.0,1.0,82.0,0.0,0.0,3.3,428.46018150098223
0.6666666666666666,0.3488310185185185,3145.0,40.77862688,-73.95772073,281.0,40.7643971,-73.97371465,1.0,2.0,2077.8866134662126,1.0,1.0,1967.0,2.0,82.0,0.0,0.0,3.3,785.3226047263004
0.6666666666666666,0.4829976851851852,482.0,40.73935542,-73.99931783,212.0,40.74334935,-74.00681753,4.0,4.0,772.3000348289959,1.0,0.0,1977.0,1.0,82.0,0.0,0.0,3.3,350.1614226192149
0.6666666666666666,0.5218865740740741,323.0,40.69236178,-73.98631746,268.0,40.71910537,-73.99973337,6.0,3.0,3181.5203802749234,1.0,0.0,1996.0,1.0,82.0,0.0,0.0,3.3,1204.6460373481264
0.6666666666666666,0.6626736111111111,526.0,40.74765947,-73.98490707,466.0,40.74395411,-73.99144871,2.0,4.0,688.0794264975822,1.0,0.0,1964.0,1.0,82.0,0.0,0.0,3.3,353.1357240743898
0.6666666666666666,0.7817824074074075,368.0,40.73038599,-74.00214988,350.0,40.71559509,-73.9870295,4.0,3.0,2080.524458115569,1.0,1.0,1990.0,1.0,82.0,0.0,0.0,3.3,799.6013848367693
0.6666666666666666,0.789525462962963,454.0,40.75455731,-73.96592976,3351.0,40.7869946,-73.94164802,2.0,1.0,4146.157663519013,1.0,1.0,1991.0,1.0,82.0,0.0,0.0,3.3,1551.9746330601395
0.8060109289617486,0.7707523148148148,3082.0,40.71167351,-73.95141312,3073.0,40.70691254,-73.95441667,0.0,0.0,586.8158560987848,1.0,1.0,1978.0,1.0,63.0,1.11,0.0,2.2,296.2347764845262
0.6038251366120219,0.34292824074074074,368.0,40.73038599,-74.00214988,520.0,40.75992262,-73.97648516,4.0,2.0,3932.098283057506,1.0,1.0,1983.0,1.0,78.0,0.0,0.0,1.4,1259.882596067077
0.6038251366120219,0.7108912037037037,498.0,40.74854862,-73.98808416,359.0,40.75510267,-73.97498696,5.0,2.0,1322.218746435583,1.0,1.0,1987.0,1.0,78.0,0.0,0.0,1.4,577.3060427539987
0.6038251366120219,0.8808217592592592,3107.0,40.72311651,-73.95212324,3117.0,40.73564,-73.95866,0.0,0.0,1497.5257681288176,1.0,0.0,1987.0,1.0,78.0,0.0,0.0,1.4,608.7441171238606
0.30327868852459017,0.3750347222222222,410.0,40.72066442,-73.98517977,459.0,40.746745,-74.007756,0.0,4.0,3468.23243040337,1.0,1.0,1989.0,2.0,59.0,0.0,0.0,6.1,1230.8386132491605
0.30327868852459017,0.3869212962962963,325.0,40.73624527,-73.98473765,382.0,40.73492695,-73.99200509,4.0,4.0,629.6252812778414,1.0,1.0,1975.0,2.0,59.0,0.0,0.0,6.1,304.4487334833587
0.30327868852459017,0.6120023148148148,236.0,40.7284186,-73.98713956,473.0,40.72110063,-73.9919254,4.0,3.0,908.180970218618,1.0,0.0,1981.0,1.0,59.0,0.0,0.0,6.1,431.5759451426076
