0.17759562841530055,0.5388773148148148,408.0,40.71076228,-73.99400398,355.0,40.71602118,-73.99974372,3.0,3.0,758.9321754308089,0.0,0.0,1990.0,1.0,34.0,0.0,0.0,4.3,336.1218754340491
0.17759562841530055,0.7631828703703704,3233.0,40.75724567911726,-73.97805914282799,513.0,40.768254,-73.988639,2.0,5.0,1514.0388099061886,0.0,0.0,1982.0,1.0,34.0,0.0,0.0,4.3,663.1259730592416
0.8961748633879781,0.3344212962962963,487.0,40.73314259,-73.97573881,267.0,40.75097711,-73.98765428,0.0,5.0,2222.707435255819,1.0,1.0,1984.0,1.0,40.0,0.0,0.0,4.8,848.9601011818671
0.3907103825136612,0.5791898148148148,450.0,40.76227205,-73.98788205,3163.0,40.7734066,-73.97782542,5.0,1.0,1500.0577776238488,0.0,0.0,1992.0,1.0,61.0,0.09,0.0,3.6,632.9278199281455
0.3907103825136612,0.5802314814814815,225.0,40.74195138,-74.00803013,508.0,40.76341379,-73.99667444,4.0,5.0,2571.0687204768797,0.0,0.0,1972.0,1.0,61.0,0.09,0.0,3.6,985.2547292402551
0.3907103825136612,0.7078587962962963,3155.0,40.76440023,-73.96648977,3154.0,40.77314236,-73.95856158,1.0,1.0,1179.284637620758,0.0,0.0,1971.0,2.0,61.0,0.09,0.0,3.6,602.9867012263842
0.3907103825136612,0.8643287037037037,463.0,40.74206539,-74.00443172,326.0,40.72953837,-73.98426726,4.0,4.0,2196.9896014427886,0.0,0.0,1994.0,1.0,61.0,0.09,0.0,3.6,844.8067153531097
0.587431693989071,0.38092592592592595,3170.0,40.78499979,-73.97283406,517.0,40.751581,-73.97791,1.0,2.0,3740.5056164053435,1.0,1.0,1966.0,1.0,74.0,0.0,0.0,6.9,1298.6513004624983
0.587431693989071,0.4985648148148148,2012.0,40.739445,-73.976806,237.0,40.73047309,-73.98672378,2.0,4.0,1301.3670406780655,1.0,0.0,1965.0,1.0,74.0,0.0,0.0,6.9,553.5410550381575
0.587431693989071,0.8081828703703704,408.0,40.71076228,-73.99400398,302.0,40.72082834,-73.97793172,3.0,0.0,1757.1884759696652,1.0,1.0,1968.0,1.0,74.0,0.0,0.0,6.9,827.8315449323084
0.5409836065573771,0.5442476851851852,2010.0,40.72165481,-74.00234737,380.0,40.73401143,-74.00293877,3.0,4.0,1374.8969023613554,0.0,0.0,1979.0,1.0,82.0,0.0,0.0,4.3,568.9355206612556
0.5409836065573771,0.6750462962962963,376.0,40.70862144,-74.00722156,531.0,40.71893904,-73.99266288,3.0,3.0,1679.8437929799054,0.0,0.0,1992.0,1.0,82.0,0.0,0.0,4.3,750.7953896237983
