0.226775956284153,0.27525462962962965,3145.0,40.77862688,-73.95772073,440.0,40.75255434,-73.97282625,1.0,2.0,3165.9669972552065,1.0,1.0,1973.0,1.0,60.0,0.0,0.0,6.1,1009.228416755946
0.226775956284153,0.25114583333333335,3147.0,40.77801203,-73.95407149,520.0,40.75992262,-73.97648516,1.0,2.0,2758.387889736937,1.0,1.0,1985.0,2.0,60.0,0.0,0.0,6.1,1089.1370610380675
0.7759562841530054,0.3889699074074074,3084.0,40.71348658,-73.94792458,321.0,40.69991755,-73.98971773,0.0,6.0,3832.346387712973,1.0,1.0,1979.0,1.0,56.0,0.0,0.0,4.6,1398.4640486831045
0.7759562841530054,0.4295717592592593,437.0,40.6809833854,-73.9500479759,3241.0,40.686203,-73.944694,6.0,6.0,735.3023864179692,1.0,0.0,1959.0,2.0,56.0,0.0,0.0,4.6,359.6256915313812
0.7759562841530054,0.4697453703703704,3059.0,40.6933982,-73.939877,481.0,40.71260486,-73.96264403,0.0,0.0,2871.311913786703,1.0,0.0,1982.0,2.0,56.0,0.0,0.0,4.6,1119.4099813083108
0.42349726775956287,0.2657523148148148,472.0,40.7457121,-73.98194829,293.0,40.73028666,-73.9907647,2.0,4.0,1869.164507935827,1.0,1.0,1973.0,1.0,66.0,0.04,0.0,1.4,717.5960031412602
0.42349726775956287,0.420474537037037,137.0,40.761628,-73.972924,3163.0,40.7734066,-73.97782542,2.0,1.0,1373.2262460859033,1.0,0.0,1982.0,2.0,66.0,0.04,0.0,1.4,636.4886078986884
0.42349726775956287,0.7700694444444445,479.0,40.76019252,-73.9912551,459.0,40.746745,-74.007756,5.0,4.0,2041.5161016221716,1.0,1.0,1991.0,1.0,66.0,0.04,0.0,1.4,773.4610560067263
0.6366120218579235,0.16788194444444443,3081.0,40.711863,-73.944024,3095.0,40.71929301,-73.94500379,0.0,0.0,830.2960298331739,0.0,0.0,1989.0,1.0,76.0,0.82,0.0,4.6,335.11391519949376
0.6366120218579235,0.43712962962962965,469.0,40.76344058,-73.98268129,486.0,40.7462009,-73.98855723,5.0,4.0,1979.8278054470254,0.0,0.0,1969.0,1.0,76.0,0.82,0.0,4.6,1058.9826260808459
0.6366120218579235,0.6647106481481482,519.0,40.751873,-73.977706,3175.0,40.77748046,-73.98288594,2.0,1.0,2880.6441956667663,0.0,0.0,1982.0,1.0,76.0,0.82,0.0,4.6,1135.939848211589
0.6366120218579235,0.9294212962962963,390.0,40.69221589,-73.9842844,3249.0,40.6803560840434,-73.9476791024208,6.0,6.0,3356.4124508834257,0.0,0.0,1988.0,1.0,76.0,0.82,0.0,4.6,1418.2143100040512
0.8825136612021858,0.6058449074074074,229.0,40.72743423,-73.99379025,497.0,40.73704984,-73.99009296,4.0,4.0,1113.6681010768698,1.0,0.0,1958.0,2.0,54.0,0.0,0.0,2.4,495.9818954388562
0.9262295081967213,0.3459259259259259,164.0,40.75323098,-73.97032517,402.0,40.7403432,-73.98955109,2.0,4.0,2162.5946936885507,0.0,0.0,1990.0,2.0,43.0,0.0,0.0,5.0,817.8437933735659
0.9262295081967213,0.5268634259259259,3151.0,40.7728384,-73.94989233,3305.0,40.78112229934166,-73.94965589046478,1.0,1.0,921.3427067702036,0.0,0.0,1973.0,1.0,43.0,0.0,0.0,5.0,412.9629658508403
0.7431693989071039,0.4449537037037037,385.0,40.75797322,-73.96603308,367.0,40.75828065,-73.97069431,2.0,2.0,394.0872772589734,1.0,0.0,1963.0,2.0,62.0,0.0,0.0,8.0,338.0967201768209
0.7431693989071039,0.5406134259259259,461.0,40.73587678,-73.98205027,388.0,40.749717753,-74.002950346,4.0,5.0,2338.574890800355,1.0,0.0,1992.0,1.0,62.0,0.0,0.0,8.0,945.4170045446081
0.7431693989071039,0.7303240740740741,459.0,40.746745,-74.007756,153.0,40.752062307,-73.9816324043,4.0,2.0,2278.6485612796378,1.0,1.0,1970.0,1.0,62.0,0.0,0.0,8.0,891.7095586973255
0.7431693989071039,0.8833564814814815,3167.0,40.77966809007312,-73.98093044757842,3166.0,40.78057799010334,-73.98562431335449,1.0,1.0,407.9648539158932,1.0,0.0,1994.0,2.0,62.0,0.0,0.0,8.0,336.2547302007914
0.3770491803278688,0.29439814814814813,387.0,40.71273266,-74.0046073,309.0,40.7149787,-74.013012,3.0,3.0,751.1117117593875,1.0,1.0,1968.0,1.0,58.0,0.0,0.0,3.9,307.59213926326146
0.3770491803278688,0.6243287037037037,3140.0,40.77140426,-73.9535166,3231.0,40.76780080148132,-73.96592080593109,1.0,1.0,1118.8017053258277,1.0,0.0,1958.0,1.0,58.0,0.0,0.0,3.9,532.2212253185869
0.3770491803278688,0.8685069444444444,348.0,40.72490985,-74.00154702,377.0,40.72243797,-74.00566443,3.0,3.0,442.6527159914646,1.0,0.0,1995.0,1.0,58.0,0.0,0.0,3.9,375.8571535577235
