0.6338797814207651,0.603761574074074,383.0,40.735238,-74.000271,285.0,40.73454567,-73.99074142,4.0,4.0,806.6113295480058,1.0,0.0,1986.0,2.0,81.0,0.01,0.0,2.2,365.23299350249596
0.6338797814207651,0.9001736111111112,423.0,40.76584941,-73.98690506,529.0,40.7575699,-73.99098507,5.0,5.0,982.6789277989184,1.0,0.0,1961.0,1.0,81.0,0.01,0.0,2.2,442.693541559944
0.6338797814207651,0.914537037037037,303.0,40.72362738,-73.99949601,2002.0,40.716887,-73.963198,3.0,0.0,3149.4962552420416,1.0,0.0,1981.0,1.0,81.0,0.01,0.0,2.2,1326.8482153856949
0.773224043715847,0.37645833333333334,306.0,40.70823502,-74.00530063,276.0,40.71748752,-74.0104554,3.0,3.0,1116.8055843050392,0.0,0.0,1990.0,2.0,58.0,0.55,0.0,7.3,509.6707229886054
0.773224043715847,0.47431712962962963,3142.0,40.7612274,-73.96094022,498.0,40.74854862,-73.98808416,2.0,5.0,2686.0849161092397,0.0,0.0,1991.0,1.0,58.0,0.55,0.0,7.3,1036.1598599460733
0.773224043715847,0.7321643518518518,479.0,40.76019252,-73.9912551,319.0,40.711066,-74.009447,5.0,3.0,5673.587376266013,0.0,0.0,1987.0,1.0,58.0,0.55,0.0,7.3,1648.25490060862
0.5273224043715847,0.11707175925925926,151.0,40.722103786686034,-73.99724900722504,151.0,40.722103786686034,-73.99724900722504,3.0,3.0,0.0,1.0,0.0,1979.0,1.0,73.0,0.0,0.0,3.3,370.62999292793535
0.5273224043715847,0.31657407407407406,434.0,40.74317449,-74.00366443,257.0,40.71939226,-74.00247214,4.0,3.0,2646.370929586878,1.0,1.0,1957.0,2.0,73.0,0.0,0.0,3.3,1036.0203975508532
0.5273224043715847,0.47336805555555556,337.0,40.7037992,-74.00838676,2008.0,40.70569254,-74.01677685,3.0,3.0,737.9100293978007,1.0,0.0,1966.0,1.0,73.0,0.0,0.0,3.3,354.2427744801197
0.5273224043715847,0.6741319444444445,315.0,40.70355377,-74.00670227,458.0,40.751396,-74.005226,3.0,5.0,5321.267385987755,1.0,1.0,1987.0,2.0,73.0,0.0,0.0,3.3,1605.8883386285268
0.5273224043715847,0.6782291666666667,247.0,40.73535398,-74.00483091,284.0,40.7390169121,-74.0026376103,4.0,4.0,447.2599533239163,1.0,1.0,1981.0,1.0,73.0,0.0,0.0,3.3,303.54321450053277
0.5273224043715847,0.6975810185185185,128.0,40.72710258,-74.00297088,151.0,40.722103786686034,-73.99724900722504,3.0,3.0,735.836808207595,1.0,1.0,1997.0,1.0,73.0,0.0,0.0,3.3,484.9284172919565
0.48360655737704916,0.687650462962963,358.0,40.73291553,-74.00711384,428.0,40.72467721,-73.98783413,4.0,4.0,1865.0623783471344,0.0,0.0,1986.0,1.0,75.0,0.0,0.0,3.5,726.4306943780952
0.48360655737704916,0.8507060185185186,369.0,40.73224119,-74.00026394,265.0,40.72229346,-73.99147535,4.0,4.0,1331.164639528404,0.0,0.0,1982.0,1.0,75.0,0.0,0.0,3.5,561.6338609456786
0.680327868852459,0.6999768518518519,334.0,40.74238787,-73.99726235,402.0,40.7403432,-73.98955109,4.0,4.0,688.2951407024393,1.0,1.0,1959.0,1.0,74.0,0.0,0.0,7.6,332.21362102786094
0.680327868852459,0.7884953703703703,435.0,40.74173969,-73.99415556,426.0,40.71754834,-74.01322069,4.0,3.0,3133.1555945919126,1.0,1.0,1984.0,2.0,74.0,0.0,0.0,7.6,1180.451324652887
